date,containment_and_health,stringency,economics_sup,total_cases,new_cases,total_deaths,new_deaths,gov_response,total_vaccinations,people_vaccinated,people_fully_vaccinated,total_boosters
2020-03-18,0.12224889158564864,0.18328329292140375,0.06371455877668047,96.0,24.0,1.0,1.0,0.10870998835131375,0.0,0.0,0.0,0.0
2020-03-19,0.12224889158564864,0.18328329292140375,0.06371455877668047,104.0,8.0,1.0,0.0,0.10870998835131375,0.0,0.0,0.0,0.0
2020-03-20,0.12224889158564864,0.18328329292140375,0.06371455877668047,123.0,19.0,1.0,0.0,0.10870998835131375,0.0,0.0,0.0,0.0
2020-03-21,0.12224889158564864,0.18328329292140375,0.06371455877668047,137.0,14.0,1.0,0.0,0.10870998835131375,0.0,0.0,0.0,0.0
2020-03-22,0.13192794554352769,0.18328329292140375,0.06371455877668047,178.0,41.0,0.0,0.0,0.11641297308240939,0.0,0.0,0.0,0.0
2020-03-23,0.13192794554352769,0.18328329292140375,0.06371455877668047,185.0,7.0,0.0,0.0,0.11641297308240939,0.0,0.0,0.0,0.0
2020-03-24,0.1367674725224672,0.18328329292140375,0.06371455877668047,204.0,19.0,0.0,0.0,0.12025522925523403,0.0,0.0,0.0,0.0
2020-03-25,0.1367674725224672,0.18328329292140375,0.06371455877668047,216.0,12.0,0.0,0.0,0.12025522925523403,0.0,0.0,0.0,0.0
2020-03-26,0.1367674725224672,0.18328329292140375,0.06371455877668047,226.0,10.0,0.0,0.0,0.12025522925523403,0.0,0.0,0.0,0.0
2020-03-27,0.1367674725224672,0.18328329292140375,0.06371455877668047,269.0,43.0,0.0,0.0,0.12025522925523403,0.0,0.0,0.0,0.0
2020-03-28,0.1367674725224672,0.18328329292140375,0.06371455877668047,292.0,23.0,0.0,0.0,0.12025522925523403,0.0,0.0,0.0,0.0
2020-03-29,0.1367674725224672,0.18328329292140375,0.11150047785919083,314.0,22.0,0.0,0.0,0.12891877802953589,0.0,0.0,0.0,0.0
2020-03-30,0.1367674725224672,0.18328329292140375,0.11150047785919083,336.0,22.0,0.0,0.0,0.12891877802953589,0.0,0.0,0.0,0.0
2020-03-31,0.1367674725224672,0.18328329292140375,0.11150047785919083,363.0,27.0,0.0,0.0,0.12891877802953589,0.0,0.0,0.0,0.0
2020-04-01,0.1367674725224672,0.18328329292140375,0.11150047785919083,400.0,37.0,1.0,1.0,0.12891877802953589,0.0,0.0,0.0,0.0
2020-04-02,0.1367674725224672,0.18328329292140375,0.11150047785919083,426.0,26.0,1.0,0.0,0.12891877802953589,0.0,0.0,0.0,0.0
2020-04-03,0.1367674725224672,0.18328329292140375,0.11150047785919083,450.0,24.0,1.0,0.0,0.12891877802953589,0.0,0.0,0.0,0.0
2020-04-04,0.1367674725224672,0.18328329292140375,0.11150047785919083,471.0,21.0,1.0,0.0,0.12891877802953589,0.0,0.0,0.0,0.0
2020-04-05,0.1367674725224672,0.18328329292140375,0.11150047785919083,485.0,14.0,1.0,0.0,0.12891877802953589,0.0,0.0,0.0,0.0
2020-04-06,0.1367674725224672,0.18328329292140375,0.11150047785919083,534.0,49.0,2.0,1.0,0.12891877802953589,0.0,0.0,0.0,0.0
2020-04-07,0.1367674725224672,0.18328329292140375,0.11150047785919083,581.0,47.0,2.0,0.0,0.12891877802953589,0.0,0.0,0.0,0.0
2020-04-08,0.1525061022775058,0.21270637087838642,0.11150047785919083,682.0,101.0,2.0,0.0,0.14142458297666236,0.0,0.0,0.0,0.0
2020-04-09,0.1525061022775058,0.21270637087838642,0.11150047785919083,701.0,19.0,2.0,0.0,0.14142458297666236,0.0,0.0,0.0,0.0
2020-04-10,0.1525061022775058,0.21270637087838642,0.11150047785919083,715.0,14.0,2.0,0.0,0.14142458297666236,0.0,0.0,0.0,0.0
2020-04-11,0.1525061022775058,0.21270637087838642,0.11150047785919083,728.0,13.0,2.0,0.0,0.14142458297666236,0.0,0.0,0.0,0.0
2020-04-12,0.1525061022775058,0.21270637087838642,0.11150047785919083,742.0,14.0,2.0,0.0,0.14142458297666236,0.0,0.0,0.0,0.0
2020-04-13,0.1525061022775058,0.21270637087838642,0.11150047785919083,769.0,27.0,2.0,0.0,0.14142458297666236,0.0,0.0,0.0,0.0
2020-04-14,0.1367674725224672,0.18328329292140375,0.11150047785919083,835.0,66.0,2.0,0.0,0.12891877802953589,0.0,0.0,0.0,0.0
2020-04-15,0.1367674725224672,0.18328329292140375,0.11150047785919083,863.0,28.0,6.0,4.0,0.12891877802953589,0.0,0.0,0.0,0.0
2020-04-16,0.1367674725224672,0.18328329292140375,0.11150047785919083,977.0,114.0,8.0,2.0,0.12891877802953589,0.0,0.0,0.0,0.0
2020-04-17,0.1367674725224672,0.18328329292140375,0.11150047785919083,1049.0,72.0,9.0,1.0,0.12891877802953589,0.0,0.0,0.0,0.0
2020-04-18,0.1367674725224672,0.18328329292140375,0.11150047785919083,1089.0,40.0,11.0,2.0,0.12891877802953589,0.0,0.0,0.0,0.0
2020-04-19,0.1367674725224672,0.18328329292140375,0.11150047785919083,1161.0,72.0,12.0,1.0,0.12891877802953589,0.0,0.0,0.0,0.0
2020-04-20,0.1367674725224672,0.18328329292140375,0.11150047785919083,1173.0,12.0,13.0,1.0,0.12891877802953589,0.0,0.0,0.0,0.0
2020-04-21,0.1367674725224672,0.18328329292140375,0.11150047785919083,1199.0,26.0,14.0,1.0,0.12891877802953589,0.0,0.0,0.0,0.0
2020-04-22,0.1367674725224672,0.18328329292140375,0.11150047785919083,1244.0,45.0,14.0,0.0,0.12891877802953589,0.0,0.0,0.0,0.0
2020-04-23,0.1367674725224672,0.18328329292140375,0.11150047785919083,1325.0,81.0,15.0,1.0,0.12891877802953589,0.0,0.0,0.0,0.0
2020-04-24,0.1367674725224672,0.18328329292140375,0.11150047785919083,1360.0,35.0,17.0,2.0,0.12891877802953589,0.0,0.0,0.0,0.0
2020-04-25,0.1367674725224672,0.18328329292140375,0.11150047785919083,1373.0,13.0,17.0,0.0,0.12891877802953589,0.0,0.0,0.0,0.0
2020-04-26,0.1367674725224672,0.18328329292140375,0.11150047785919083,1379.0,6.0,18.0,1.0,0.12891877802953589,0.0,0.0,0.0,0.0
2020-04-27,0.1367674725224672,0.18328329292140375,0.11150047785919083,1381.0,2.0,18.0,0.0,0.12891877802953589,0.0,0.0,0.0,0.0
2020-04-28,0.14766657529856628,0.18328329292140375,0.11150047785919083,1384.0,3.0,20.0,2.0,0.1375823268038377,0.0,0.0,0.0,0.0
2020-04-29,0.14766657529856628,0.18328329292140375,0.11150047785919083,1391.0,7.0,22.0,2.0,0.1375823268038377,0.0,0.0,0.0,0.0
2020-04-30,0.14766657529856628,0.18328329292140375,0.11150047785919083,1396.0,5.0,23.0,1.0,0.1375823268038377,0.0,0.0,0.0,0.0
2020-05-01,0.14766657529856628,0.18328329292140375,0.11150047785919083,1403.0,7.0,23.0,0.0,0.1375823268038377,0.0,0.0,0.0,0.0
2020-05-02,0.14766657529856628,0.18328329292140375,0.11150047785919083,1407.0,4.0,24.0,1.0,0.1375823268038377,0.0,0.0,0.0,0.0
2020-05-03,0.14766657529856628,0.18328329292140375,0.11150047785919083,1408.0,1.0,24.0,0.0,0.1375823268038377,0.0,0.0,0.0,0.0
2020-05-04,0.14766657529856628,0.18328329292140375,0.11150047785919083,1413.0,5.0,25.0,1.0,0.1375823268038377,0.0,0.0,0.0,0.0
2020-05-05,0.14766657529856628,0.18328329292140375,0.11150047785919083,1421.0,8.0,25.0,0.0,0.1375823268038377,0.0,0.0,0.0,0.0
2020-05-06,0.14282704831962675,0.17424131713728114,0.11150047785919083,1429.0,8.0,25.0,0.0,0.133740070631013,0.0,0.0,0.0,0.0
2020-05-07,0.14282704831962675,0.17424131713728114,0.11150047785919083,1445.0,16.0,26.0,1.0,0.133740070631013,0.0,0.0,0.0,0.0
2020-05-08,0.14282704831962675,0.17424131713728114,0.11150047785919083,1455.0,10.0,26.0,0.0,0.133740070631013,0.0,0.0,0.0,0.0
2020-05-09,0.14282704831962675,0.17424131713728114,0.11150047785919083,1455.0,0.0,26.0,0.0,0.133740070631013,0.0,0.0,0.0,0.0
2020-05-10,0.14282704831962675,0.17424131713728114,0.11150047785919083,1457.0,2.0,26.0,0.0,0.133740070631013,0.0,0.0,0.0,0.0
2020-05-11,0.14282704831962675,0.17424131713728114,0.11150047785919083,1457.0,0.0,26.0,0.0,0.133740070631013,0.0,0.0,0.0,0.0
2020-05-12,0.14282704831962675,0.17424131713728114,0.11150047785919083,1465.0,8.0,27.0,1.0,0.133740070631013,0.0,0.0,0.0,0.0
2020-05-13,0.14282704831962675,0.17424131713728114,0.11150047785919083,1469.0,4.0,27.0,0.0,0.133740070631013,0.0,0.0,0.0,0.0
2020-05-14,0.14282704831962675,0.17424131713728114,0.11150047785919083,1477.0,8.0,27.0,0.0,0.133740070631013,0.0,0.0,0.0,0.0
2020-05-15,0.14282704831962675,0.17424131713728114,0.11150047785919083,1480.0,3.0,27.0,0.0,0.133740070631013,0.0,0.0,0.0,0.0
2020-05-16,0.14282704831962675,0.17424131713728114,0.11150047785919083,1493.0,13.0,28.0,1.0,0.133740070631013,0.0,0.0,0.0,0.0
2020-05-17,0.14282704831962675,0.17424131713728114,0.11150047785919083,1494.0,1.0,28.0,0.0,0.133740070631013,0.0,0.0,0.0,0.0
2020-05-18,0.14282704831962675,0.17424131713728114,0.11150047785919083,1495.0,1.0,28.0,0.0,0.133740070631013,0.0,0.0,0.0,0.0
2020-05-19,0.14282704831962675,0.17424131713728114,0.11150047785919083,1495.0,0.0,28.0,0.0,0.133740070631013,0.0,0.0,0.0,0.0
2020-05-20,0.14282704831962675,0.17424131713728114,0.11150047785919083,1496.0,1.0,28.0,0.0,0.133740070631013,0.0,0.0,0.0,0.0
2020-05-21,0.14282704831962675,0.17424131713728114,0.11150047785919083,1502.0,6.0,28.0,0.0,0.133740070631013,0.0,0.0,0.0,0.0
2020-05-22,0.14282704831962675,0.17424131713728114,0.11150047785919083,1503.0,1.0,28.0,0.0,0.133740070631013,0.0,0.0,0.0,0.0
2020-05-23,0.14282704831962675,0.17424131713728114,0.11150047785919083,1504.0,1.0,28.0,0.0,0.133740070631013,0.0,0.0,0.0,0.0
2020-05-24,0.14282704831962675,0.17424131713728114,0.11150047785919083,1509.0,5.0,28.0,0.0,0.133740070631013,0.0,0.0,0.0,0.0
2020-05-25,0.14282704831962675,0.17424131713728114,0.11150047785919083,1511.0,2.0,28.0,0.0,0.133740070631013,0.0,0.0,0.0,0.0
2020-05-26,0.14282704831962675,0.17424131713728114,0.11150047785919083,1513.0,2.0,28.0,0.0,0.133740070631013,0.0,0.0,0.0,0.0
2020-05-27,0.14282704831962675,0.17424131713728114,0.11150047785919083,1515.0,2.0,28.0,0.0,0.133740070631013,0.0,0.0,0.0,0.0
2020-05-28,0.14282704831962675,0.17424131713728114,0.11150047785919083,1520.0,5.0,28.0,0.0,0.133740070631013,0.0,0.0,0.0,0.0
2020-05-29,0.14282704831962675,0.17424131713728114,0.11150047785919083,1520.0,0.0,28.0,0.0,0.133740070631013,0.0,0.0,0.0,0.0
2020-05-30,0.14282704831962675,0.17424131713728114,0.11150047785919083,1521.0,1.0,28.0,0.0,0.133740070631013,0.0,0.0,0.0,0.0
2020-05-31,0.14282704831962675,0.17424131713728114,0.11150047785919083,1521.0,0.0,28.0,0.0,0.133740070631013,0.0,0.0,0.0,0.0
2020-06-01,0.13798752134068726,0.16517490358076906,0.11150047785919083,1522.0,1.0,28.0,0.0,0.12987934207274204,0.0,0.0,0.0,0.0
2020-06-02,0.13798752134068726,0.16517490358076906,0.11150047785919083,1522.0,0.0,28.0,0.0,0.12987934207274204,0.0,0.0,0.0,0.0
2020-06-03,0.11134978880954956,0.12446157477982789,0.11150047785919083,1525.0,3.0,28.0,0.0,0.10870998835131375,0.0,0.0,0.0,0.0
2020-06-04,0.11134978880954956,0.12446157477982789,0.11150047785919083,1526.0,1.0,28.0,0.0,0.10870998835131375,0.0,0.0,0.0,0.0
2020-06-05,0.1077303106488301,0.11766787405554119,0.11150047785919083,1526.0,0.0,28.0,0.0,0.10582829622169522,0.0,0.0,0.0,0.0
2020-06-06,0.1077303106488301,0.11766787405554119,0.11150047785919083,1528.0,2.0,28.0,0.0,0.10582829622169522,0.0,0.0,0.0,0.0
2020-06-07,0.1077303106488301,0.11766787405554119,0.11150047785919083,1528.0,0.0,28.0,0.0,0.10582829622169522,0.0,0.0,0.0,0.0
2020-06-08,0.1077303106488301,0.11766787405554119,0.11150047785919083,1530.0,2.0,28.0,0.0,0.10582829622169522,0.0,0.0,0.0,0.0
2020-06-09,0.1077303106488301,0.11766787405554119,0.11150047785919083,1531.0,1.0,28.0,0.0,0.10582829622169522,0.0,0.0,0.0,0.0
2020-06-10,0.10409049834114029,0.11087417333125449,0.11150047785919083,1533.0,2.0,28.0,0.0,0.10294660409207672,0.0,0.0,0.0,0.0
2020-06-11,0.10409049834114029,0.11087417333125449,0.11150047785919083,1541.0,8.0,28.0,0.0,0.10294660409207672,0.0,0.0,0.0,0.0
2020-06-12,0.10409049834114029,0.11087417333125449,0.11150047785919083,1542.0,1.0,28.0,0.0,0.10294660409207672,0.0,0.0,0.0,0.0
2020-06-13,0.10409049834114029,0.11087417333125449,0.11150047785919083,1545.0,3.0,28.0,0.0,0.10294660409207672,0.0,0.0,0.0,0.0
2020-06-14,0.09925097136220078,0.10183219754713194,0.11150047785919083,1548.0,3.0,28.0,0.0,0.09910434791925203,0.0,0.0,0.0,0.0
2020-06-15,0.09925097136220078,0.10183219754713194,0.11150047785919083,1552.0,4.0,28.0,0.0,0.09910434791925203,0.0,0.0,0.0,0.0
2020-06-16,0.09925097136220078,0.10183219754713194,0.11150047785919083,1552.0,0.0,28.0,0.0,0.09910434791925203,0.0,0.0,0.0,0.0
2020-06-17,0.09925097136220078,0.10183219754713194,0.11150047785919083,1561.0,9.0,28.0,0.0,0.09910434791925203,0.0,0.0,0.0,0.0
2020-06-18,0.09925097136220078,0.10183219754713194,0.11150047785919083,1562.0,1.0,28.0,0.0,0.09910434791925203,0.0,0.0,0.0,0.0
2020-06-19,0.09925097136220078,0.10183219754713194,0.11150047785919083,1576.0,14.0,28.0,0.0,0.09910434791925203,0.0,0.0,0.0,0.0
2020-06-20,0.09561115905451097,0.09503849682284522,0.11150047785919083,1586.0,10.0,28.0,0.0,0.09620418340418724,0.0,0.0,0.0,0.0
2020-06-21,0.09561115905451097,0.09503849682284522,0.11150047785919083,1587.0,1.0,28.0,0.0,0.09620418340418724,0.0,0.0,0.0,0.0
2020-06-22,0.09561115905451097,0.09503849682284522,0.11150047785919083,1588.0,1.0,28.0,0.0,0.09620418340418724,0.0,0.0,0.0,0.0
2020-06-23,0.09561115905451097,0.09503849682284522,0.11150047785919083,1589.0,1.0,28.0,0.0,0.09620418340418724,0.0,0.0,0.0,0.0
2020-06-24,0.09561115905451097,0.09503849682284522,0.11150047785919083,1607.0,18.0,28.0,0.0,0.09620418340418724,0.0,0.0,0.0,0.0
2020-06-25,0.09561115905451097,0.09503849682284522,0.11150047785919083,1630.0,23.0,28.0,0.0,0.09620418340418724,0.0,0.0,0.0,0.0
2020-06-26,0.09561115905451097,0.09503849682284522,0.11150047785919083,1643.0,13.0,28.0,0.0,0.09620418340418724,0.0,0.0,0.0,0.0
2020-06-27,0.09561115905451097,0.09503849682284522,0.11150047785919083,1657.0,14.0,28.0,0.0,0.09620418340418724,0.0,0.0,0.0,0.0
2020-06-28,0.09561115905451097,0.09503849682284522,0.11150047785919083,1664.0,7.0,28.0,0.0,0.09620418340418724,0.0,0.0,0.0,0.0
2020-06-29,0.09561115905451097,0.09503849682284522,0.11150047785919083,1665.0,1.0,28.0,0.0,0.09620418340418724,0.0,0.0,0.0,0.0
2020-06-30,0.09561115905451097,0.09503849682284522,0.11150047785919083,1667.0,2.0,28.0,0.0,0.09620418340418724,0.0,0.0,0.0,0.0
2020-07-01,0.09561115905451097,0.09503849682284522,0.11150047785919083,1687.0,20.0,28.0,0.0,0.09620418340418724,0.0,0.0,0.0,0.0
2020-07-02,0.09561115905451097,0.09503849682284522,0.11150047785919083,1700.0,13.0,28.0,0.0,0.09620418340418724,0.0,0.0,0.0,0.0
2020-07-03,0.09561115905451097,0.09503849682284522,0.11150047785919083,1720.0,20.0,28.0,0.0,0.09620418340418724,0.0,0.0,0.0,0.0
2020-07-04,0.09561115905451097,0.09503849682284522,0.11150047785919083,1749.0,29.0,28.0,0.0,0.09620418340418724,0.0,0.0,0.0,0.0
2020-07-05,0.09561115905451097,0.09503849682284522,0.11150047785919083,1764.0,15.0,28.0,0.0,0.09620418340418724,0.0,0.0,0.0,0.0
2020-07-06,0.09561115905451097,0.09503849682284522,0.11150047785919083,1765.0,1.0,28.0,0.0,0.09620418340418724,0.0,0.0,0.0,0.0
2020-07-07,0.09561115905451097,0.09503849682284522,0.11150047785919083,1767.0,2.0,28.0,0.0,0.09620418340418724,0.0,0.0,0.0,0.0
2020-07-08,0.09561115905451097,0.09503849682284522,0.11150047785919083,1798.0,31.0,28.0,0.0,0.09620418340418724,0.0,0.0,0.0,0.0
2020-07-09,0.09561115905451097,0.09503849682284522,0.11150047785919083,1851.0,53.0,28.0,0.0,0.09620418340418724,0.0,0.0,0.0,0.0
2020-07-10,0.09561115905451097,0.09503849682284522,0.11150047785919083,1870.0,19.0,28.0,0.0,0.09620418340418724,0.0,0.0,0.0,0.0
2020-07-11,0.09561115905451097,0.09503849682284522,0.11150047785919083,1893.0,23.0,28.0,0.0,0.09620418340418724,0.0,0.0,0.0,0.0
2020-07-12,0.09561115905451097,0.09503849682284522,0.11150047785919083,1901.0,8.0,28.0,0.0,0.09620418340418724,0.0,0.0,0.0,0.0
2020-07-13,0.09561115905451097,0.09503849682284522,0.11150047785919083,1902.0,1.0,28.0,0.0,0.09620418340418724,0.0,0.0,0.0,0.0
2020-07-14,0.09561115905451097,0.09503849682284522,0.11150047785919083,1908.0,6.0,28.0,0.0,0.09620418340418724,0.0,0.0,0.0,0.0
2020-07-15,0.09561115905451097,0.09503849682284522,0.11150047785919083,1927.0,19.0,28.0,0.0,0.09620418340418724,0.0,0.0,0.0,0.0
2020-07-16,0.09561115905451097,0.09503849682284522,0.11150047785919083,1951.0,24.0,28.0,0.0,0.09620418340418724,0.0,0.0,0.0,0.0
2020-07-17,0.09561115905451097,0.09503849682284522,0.11150047785919083,1965.0,14.0,28.0,0.0,0.09620418340418724,0.0,0.0,0.0,0.0
2020-07-18,0.09561115905451097,0.09503849682284522,0.11150047785919083,1976.0,11.0,28.0,0.0,0.09620418340418724,0.0,0.0,0.0,0.0
2020-07-19,0.09561115905451097,0.09503849682284522,0.11150047785919083,1979.0,3.0,28.0,0.0,0.09620418340418724,0.0,0.0,0.0,0.0
2020-07-20,0.09561115905451097,0.09503849682284522,0.11150047785919083,1980.0,1.0,28.0,0.0,0.09620418340418724,0.0,0.0,0.0,0.0
2020-07-21,0.09561115905451097,0.09503849682284522,0.11150047785919083,2021.0,41.0,28.0,0.0,0.09620418340418724,0.0,0.0,0.0,0.0
2020-07-22,0.09561115905451097,0.09503849682284522,0.11150047785919083,2058.0,37.0,28.0,0.0,0.09620418340418724,0.0,0.0,0.0,0.0
2020-07-23,0.09561115905451097,0.09503849682284522,0.11150047785919083,2089.0,31.0,28.0,0.0,0.09620418340418724,0.0,0.0,0.0,0.0
2020-07-24,0.09561115905451097,0.09503849682284522,0.11150047785919083,2118.0,29.0,28.0,0.0,0.09620418340418724,0.0,0.0,0.0,0.0
2020-07-25,0.09561115905451097,0.09503849682284522,0.11150047785919083,2141.0,23.0,28.0,0.0,0.09620418340418724,0.0,0.0,0.0,0.0
2020-07-26,0.09561115905451097,0.09503849682284522,0.11150047785919083,2179.0,38.0,28.0,0.0,0.09620418340418724,0.0,0.0,0.0,0.0
2020-07-27,0.09561115905451097,0.09503849682284522,0.11150047785919083,2181.0,2.0,28.0,0.0,0.09620418340418724,0.0,0.0,0.0,0.0
2020-07-28,0.09561115905451097,0.09503849682284522,0.11150047785919083,2204.0,23.0,28.0,0.0,0.09620418340418724,0.0,0.0,0.0,0.0
2020-07-29,0.09561115905451097,0.09503849682284522,0.11150047785919083,2245.0,41.0,28.0,0.0,0.09620418340418724,0.0,0.0,0.0,0.0
2020-07-30,0.09561115905451097,0.09503849682284522,0.11150047785919083,2265.0,20.0,28.0,0.0,0.09620418340418724,0.0,0.0,0.0,0.0
2020-07-31,0.09561115905451097,0.09503849682284522,0.11150047785919083,2292.0,27.0,29.0,1.0,0.09620418340418724,0.0,0.0,0.0,0.0
2020-08-01,0.09561115905451097,0.09503849682284522,0.11150047785919083,2337.0,45.0,29.0,0.0,0.09620418340418724,0.0,0.0,0.0,0.0
2020-08-02,0.09561115905451097,0.09503849682284522,0.11150047785919083,2344.0,7.0,29.0,0.0,0.09620418340418724,0.0,0.0,0.0,0.0
2020-08-03,0.09561115905451097,0.09503849682284522,0.11150047785919083,2354.0,10.0,29.0,0.0,0.09620418340418724,0.0,0.0,0.0,0.0
2020-08-04,0.09561115905451097,0.09503849682284522,0.11150047785919083,2368.0,14.0,29.0,0.0,0.09620418340418724,0.0,0.0,0.0,0.0
2020-08-05,0.09561115905451097,0.09503849682284522,0.11150047785919083,2417.0,49.0,29.0,0.0,0.09620418340418724,0.0,0.0,0.0,0.0
2020-08-06,0.09561115905451097,0.09503849682284522,0.11150047785919083,2480.0,63.0,29.0,0.0,0.09620418340418724,0.0,0.0,0.0,0.0
2020-08-07,0.09561115905451097,0.09503849682284522,0.11150047785919083,2523.0,43.0,31.0,2.0,0.09620418340418724,0.0,0.0,0.0,0.0
2020-08-08,0.09561115905451097,0.09503849682284522,0.11150047785919083,2566.0,43.0,31.0,0.0,0.09620418340418724,0.0,0.0,0.0,0.0
2020-08-09,0.09561115905451097,0.09503849682284522,0.11150047785919083,2596.0,30.0,31.0,0.0,0.09620418340418724,0.0,0.0,0.0,0.0
2020-08-10,0.09561115905451097,0.09503849682284522,0.11150047785919083,2599.0,3.0,31.0,0.0,0.09620418340418724,0.0,0.0,0.0,0.0
2020-08-11,0.09561115905451097,0.09503849682284522,0.11150047785919083,2615.0,16.0,31.0,0.0,0.09620418340418724,0.0,0.0,0.0,0.0
2020-08-12,0.09561115905451097,0.09503849682284522,0.11150047785919083,2690.0,75.0,31.0,0.0,0.09620418340418724,0.0,0.0,0.0,0.0
2020-08-13,0.09561115905451097,0.09503849682284522,0.11150047785919083,2739.0,49.0,31.0,0.0,0.09620418340418724,0.0,0.0,0.0,0.0
2020-08-14,0.09561115905451097,0.09503849682284522,0.11150047785919083,2801.0,62.0,31.0,0.0,0.09620418340418724,0.0,0.0,0.0,0.0
2020-08-15,0.09561115905451097,0.09503849682284522,0.11150047785919083,2855.0,54.0,31.0,0.0,0.09620418340418724,0.0,0.0,0.0,0.0
2020-08-16,0.0883518685861017,0.08145109537427182,0.11150047785919083,2902.0,47.0,31.0,0.0,0.09044079914495022,0.0,0.0,0.0,0.0
2020-08-17,0.0883518685861017,0.08145109537427182,0.11150047785919083,2907.0,5.0,31.0,0.0,0.09044079914495022,0.0,0.0,0.0,0.0
2020-08-18,0.0883518685861017,0.08145109537427182,0.11150047785919083,2922.0,15.0,31.0,0.0,0.09044079914495022,0.0,0.0,0.0,0.0
2020-08-19,0.0883518685861017,0.08145109537427182,0.11150047785919083,3022.0,100.0,33.0,2.0,0.09044079914495022,0.0,0.0,0.0,0.0
2020-08-20,0.0883518685861017,0.08145109537427182,0.11150047785919083,3102.0,80.0,33.0,0.0,0.09044079914495022,0.0,0.0,0.0,0.0
2020-08-21,0.0883518685861017,0.08145109537427182,0.11150047785919083,3225.0,123.0,33.0,0.0,0.09044079914495022,0.0,0.0,0.0,0.0
2020-08-22,0.0883518685861017,0.08145109537427182,0.11150047785919083,3316.0,91.0,33.0,0.0,0.09044079914495022,0.0,0.0,0.0,0.0
2020-08-23,0.0883518685861017,0.08145109537427182,0.11150047785919083,3356.0,40.0,33.0,0.0,0.09044079914495022,0.0,0.0,0.0,0.0
2020-08-24,0.0883518685861017,0.08145109537427182,0.11150047785919083,3424.0,68.0,33.0,0.0,0.09044079914495022,0.0,0.0,0.0,0.0
2020-08-25,0.0883518685861017,0.08145109537427182,0.11150047785919083,3452.0,28.0,33.0,0.0,0.09044079914495022,0.0,0.0,0.0,0.0
2020-08-26,0.0883518685861017,0.08145109537427182,0.11150047785919083,3536.0,84.0,33.0,0.0,0.09044079914495022,0.0,0.0,0.0,0.0
2020-08-27,0.0883518685861017,0.08145109537427182,0.11150047785919083,3626.0,90.0,33.0,0.0,0.09044079914495022,0.0,0.0,0.0,0.0
2020-08-28,0.0883518685861017,0.08145109537427182,0.11150047785919083,3728.0,102.0,33.0,0.0,0.09044079914495022,0.0,0.0,0.0,0.0
2020-08-29,0.0883518685861017,0.08145109537427182,0.11150047785919083,3842.0,114.0,33.0,0.0,0.09044079914495022,0.0,0.0,0.0,0.0
2020-08-30,0.0883518685861017,0.08145109537427182,0.11150047785919083,3876.0,34.0,33.0,0.0,0.09044079914495022,0.0,0.0,0.0,0.0
2020-08-31,0.0883518685861017,0.08145109537427182,0.11150047785919083,3917.0,41.0,33.0,0.0,0.09044079914495022,0.0,0.0,0.0,0.0
2020-09-01,0.0883518685861017,0.08145109537427182,0.11150047785919083,3989.0,72.0,33.0,0.0,0.09044079914495022,0.0,0.0,0.0,0.0
2020-09-02,0.08593210509663193,0.07240911959014923,0.11150047785919083,4042.0,53.0,33.0,0.0,0.08851967105853788,0.0,0.0,0.0,0.0
2020-09-03,0.08774184417699167,0.07580596995229258,0.11150047785919083,4163.0,121.0,37.0,4.0,0.08996051712334714,0.0,0.0,0.0,0.0
2020-09-04,0.08957191740432173,0.07013640675792383,0.11150047785919083,4300.0,137.0,37.0,0.0,0.09140136318815639,0.0,0.0,0.0,0.0
2020-09-05,0.08957191740432173,0.07013640675792383,0.11150047785919083,4526.0,226.0,37.0,0.0,0.09140136318815639,0.0,0.0,0.0,0.0
2020-09-06,0.08957191740432173,0.07013640675792383,0.11150047785919083,4614.0,88.0,37.0,0.0,0.09140136318815639,0.0,0.0,0.0,0.0
2020-09-07,0.08957191740432173,0.07013640675792383,0.11150047785919083,4636.0,22.0,37.0,0.0,0.09140136318815639,0.0,0.0,0.0,0.0
2020-09-08,0.08957191740432173,0.07013640675792383,0.11150047785919083,4727.0,91.0,37.0,0.0,0.09140136318815639,0.0,0.0,0.0,0.0
2020-09-09,0.08957191740432173,0.07013640675792383,0.11150047785919083,4888.0,161.0,37.0,0.0,0.09140136318815639,0.0,0.0,0.0,0.0
2020-09-10,0.08957191740432173,0.07013640675792383,0.11150047785919083,5066.0,178.0,37.0,0.0,0.09140136318815639,0.0,0.0,0.0,0.0
2020-09-11,0.0931913955650412,0.07693010748221053,0.11150047785919083,5252.0,186.0,37.0,0.0,0.09428305531777491,0.0,0.0,0.0,0.0
2020-09-12,0.0931913955650412,0.07693010748221053,0.11150047785919083,5453.0,201.0,38.0,1.0,0.09428305531777491,0.0,0.0,0.0,0.0
2020-09-13,0.0931913955650412,0.07693010748221053,0.11150047785919083,5532.0,79.0,38.0,0.0,0.09428305531777491,0.0,0.0,0.0,0.0
2020-09-14,0.0931913955650412,0.07693010748221053,0.11150047785919083,5580.0,48.0,38.0,0.0,0.09428305531777491,0.0,0.0,0.0,0.0
2020-09-15,0.0931913955650412,0.07693010748221053,0.11150047785919083,5768.0,188.0,38.0,0.0,0.09428305531777491,0.0,0.0,0.0,0.0
2020-09-16,0.0931913955650412,0.07693010748221053,0.11150047785919083,5860.0,92.0,38.0,0.0,0.09428305531777491,0.0,0.0,0.0,0.0
2020-09-17,0.0931913955650412,0.07693010748221053,0.11150047785919083,6021.0,161.0,39.0,1.0,0.09428305531777491,0.0,0.0,0.0,0.0
2020-09-18,0.0931913955650412,0.07693010748221053,0.11150047785919083,6256.0,235.0,39.0,0.0,0.09428305531777491,0.0,0.0,0.0,0.0
2020-09-19,0.0931913955650412,0.07693010748221053,0.11150047785919083,6546.0,290.0,39.0,0.0,0.09428305531777491,0.0,0.0,0.0,0.0
2020-09-20,0.0931913955650412,0.07693010748221053,0.11150047785919083,6677.0,131.0,39.0,0.0,0.09428305531777491,0.0,0.0,0.0,0.0
2020-09-21,0.0931913955650412,0.07693010748221053,0.11150047785919083,6756.0,79.0,39.0,0.0,0.09428305531777491,0.0,0.0,0.0,0.0
2020-09-22,0.0931913955650412,0.07693010748221053,0.11150047785919083,6931.0,175.0,40.0,1.0,0.09428305531777491,0.0,0.0,0.0,0.0
2020-09-23,0.0931913955650412,0.07693010748221053,0.11150047785919083,7269.0,338.0,41.0,1.0,0.09428305531777491,0.0,0.0,0.0,0.0
2020-09-24,0.0931913955650412,0.07693010748221053,0.11150047785919083,7629.0,360.0,41.0,0.0,0.09428305531777491,0.0,0.0,0.0,0.0
2020-09-25,0.0931913955650412,0.07693010748221053,0.11150047785919083,8048.0,419.0,41.0,0.0,0.09428305531777491,0.0,0.0,0.0,0.0
2020-09-26,0.0931913955650412,0.07693010748221053,0.11150047785919083,8600.0,552.0,44.0,3.0,0.09428305531777491,0.0,0.0,0.0,0.0
2020-09-27,0.0931913955650412,0.07693010748221053,0.11150047785919083,9078.0,478.0,44.0,0.0,0.09428305531777491,0.0,0.0,0.0,0.0
2020-09-28,0.0931913955650412,0.07693010748221053,0.11150047785919083,9343.0,265.0,44.0,0.0,0.09428305531777491,0.0,0.0,0.0,0.0
2020-09-29,0.0931913955650412,0.07693010748221053,0.11150047785919083,9574.0,231.0,45.0,1.0,0.09428305531777491,0.0,0.0,0.0,0.0
2020-09-30,0.0931913955650412,0.07693010748221053,0.11150047785919083,10141.0,567.0,48.0,3.0,0.09428305531777491,0.0,0.0,0.0,0.0
2020-10-01,0.11256983762776962,0.11314688616347991,0.11150047785919083,10938.0,797.0,48.0,0.0,0.1096705523945199,0.0,0.0,0.0,0.0
2020-10-02,0.11256983762776962,0.11314688616347991,0.11150047785919083,11617.0,679.0,54.0,6.0,0.1096705523945199,0.0,0.0,0.0,0.0
2020-10-03,0.11256983762776962,0.11314688616347991,0.11150047785919083,12321.0,704.0,54.0,0.0,0.1096705523945199,0.0,0.0,0.0,0.0
2020-10-04,0.11256983762776962,0.11314688616347991,0.11150047785919083,13139.0,818.0,55.0,1.0,0.1096705523945199,0.0,0.0,0.0,0.0
2020-10-05,0.10893002532007981,0.10635318543919321,0.11150047785919083,13492.0,353.0,55.0,0.0,0.10678886026490139,0.0,0.0,0.0,0.0
2020-10-06,0.10893002532007981,0.10635318543919321,0.11150047785919083,13812.0,320.0,55.0,0.0,0.10678886026490139,0.0,0.0,0.0,0.0
2020-10-07,0.10893002532007981,0.10635318543919321,0.11150047785919083,14689.0,877.0,55.0,0.0,0.10678886026490139,0.0,0.0,0.0,0.0
2020-10-08,0.10893002532007981,0.10635318543919321,0.11150047785919083,15726.0,1037.0,57.0,2.0,0.10678886026490139,0.0,0.0,0.0,0.0
2020-10-09,0.10893002532007981,0.10635318543919321,0.11150047785919083,16910.0,1184.0,57.0,0.0,0.10678886026490139,0.0,0.0,0.0,0.0
2020-10-10,0.10893002532007981,0.10635318543919321,0.11150047785919083,18797.0,1887.0,61.0,4.0,0.10678886026490139,0.0,0.0,0.0,0.0
2020-10-11,0.10893002532007981,0.10635318543919321,0.11150047785919083,19851.0,1054.0,61.0,0.0,0.10678886026490139,0.0,0.0,0.0,0.0
2020-10-12,0.11376955229901932,0.11539516122331579,0.11150047785919083,20355.0,504.0,61.0,0.0,0.11064958882317236,0.0,0.0,0.0,0.0
2020-10-13,0.11740936460670913,0.12218886194760249,0.11150047785919083,20926.0,571.0,61.0,0.0,0.11353128095279086,0.0,0.0,0.0,0.0
2020-10-14,0.11740936460670913,0.12218886194760249,0.11150047785919083,22420.0,1494.0,66.0,5.0,0.11353128095279086,0.0,0.0,0.0,0.0
2020-10-15,0.12586836974636811,0.1312308377317251,0.11150047785919083,24380.0,1960.0,71.0,5.0,0.12025522925523403,0.0,0.0,0.0,0.0
2020-10-16,0.12586836974636811,0.1312308377317251,0.11150047785919083,26491.0,2111.0,71.0,0.0,0.12025522925523403,0.0,0.0,0.0,0.0
2020-10-17,0.12586836974636811,0.1312308377317251,0.11150047785919083,28486.0,1995.0,82.0,11.0,0.12025522925523403,0.0,0.0,0.0,0.0
2020-10-18,0.12586836974636811,0.1312308377317251,0.11150047785919083,30053.0,1567.0,88.0,6.0,0.12025522925523403,0.0,0.0,0.0,0.0
2020-10-19,0.12586836974636811,0.1312308377317251,0.11150047785919083,30913.0,860.0,92.0,4.0,0.12025522925523403,0.0,0.0,0.0,0.0
2020-10-20,0.12586836974636811,0.1312308377317251,0.11150047785919083,31687.0,774.0,98.0,6.0,0.12025522925523403,0.0,0.0,0.0,0.0
2020-10-21,0.12586836974636811,0.1312308377317251,0.11150047785919083,33927.0,2240.0,98.0,0.0,0.12025522925523403,0.0,0.0,0.0,0.0
2020-10-22,0.15372615109572582,0.17876230502934248,0.11150047785919083,35703.0,1776.0,115.0,17.0,0.1423851470198685,0.0,0.0,0.0,0.0
2020-10-23,0.15372615109572582,0.17876230502934248,0.11150047785919083,38425.0,2722.0,134.0,19.0,0.1423851470198685,0.0,0.0,0.0,0.0
2020-10-24,0.15372615109572582,0.17876230502934248,0.11150047785919083,41434.0,3009.0,159.0,25.0,0.1423851470198685,0.0,0.0,0.0,0.0
2020-10-25,0.15372615109572582,0.17876230502934248,0.11150047785919083,44541.0,3107.0,159.0,0.0,0.1423851470198685,0.0,0.0,0.0,0.0
2020-10-26,0.15372615109572582,0.17876230502934248,0.11150047785919083,45893.0,1352.0,165.0,6.0,0.1423851470198685,0.0,0.0,0.0,0.0
2020-10-27,0.15372615109572582,0.17876230502934248,0.11150047785919083,47025.0,1132.0,176.0,11.0,0.1423851470198685,0.0,0.0,0.0,0.0
2020-10-28,0.15372615109572582,0.17876230502934248,0.11150047785919083,50146.0,3121.0,184.0,8.0,0.1423851470198685,0.0,0.0,0.0,0.0
2020-10-29,0.15372615109572582,0.17876230502934248,0.11150047785919083,53156.0,3010.0,200.0,16.0,0.1423851470198685,0.0,0.0,0.0,0.0
2020-10-30,0.15372615109572582,0.17876230502934248,0.11150047785919083,56758.0,3602.0,212.0,12.0,0.1423851470198685,0.0,0.0,0.0,0.0
2020-10-31,0.15372615109572582,0.17876230502934248,0.11150047785919083,59823.0,3065.0,219.0,7.0,0.1423851470198685,0.0,0.0,0.0,0.0
2020-11-01,0.15372615109572582,0.17876230502934248,0.11150047785919083,63080.0,3257.0,219.0,0.0,0.1423851470198685,0.0,0.0,0.0,0.0
2020-11-02,0.15372615109572582,0.17876230502934248,0.11150047785919083,65339.0,2259.0,219.0,0.0,0.1423851470198685,0.0,0.0,0.0,0.0
2020-11-03,0.15372615109572582,0.17876230502934248,0.11150047785919083,68397.0,3058.0,235.0,16.0,0.1423851470198685,0.0,0.0,0.0,0.0
2020-11-04,0.15372615109572582,0.17876230502934248,0.11150047785919083,71711.0,3314.0,261.0,26.0,0.1423851470198685,0.0,0.0,0.0,0.0
2020-11-05,0.15372615109572582,0.17876230502934248,0.11150047785919083,73755.0,2044.0,286.0,25.0,0.1423851470198685,0.0,0.0,0.0,0.0
2020-11-06,0.15372615109572582,0.17876230502934248,0.11150047785919083,76249.0,2494.0,317.0,31.0,0.1423851470198685,0.0,0.0,0.0,0.0
2020-11-07,0.15372615109572582,0.17876230502934248,0.11150047785919083,79155.0,2906.0,351.0,34.0,0.1423851470198685,0.0,0.0,0.0,0.0
2020-11-08,0.15372615109572582,0.17876230502934248,0.11150047785919083,81422.0,2267.0,351.0,0.0,0.1423851470198685,0.0,0.0,0.0,0.0
2020-11-09,0.15372615109572582,0.17876230502934248,0.11150047785919083,82142.0,720.0,366.0,15.0,0.1423851470198685,0.0,0.0,0.0,0.0
2020-11-10,0.15372615109572582,0.17876230502934248,0.11150047785919083,84347.0,2205.0,390.0,24.0,0.1423851470198685,0.0,0.0,0.0,0.0
2020-11-11,0.15372615109572582,0.17876230502934248,0.11150047785919083,86545.0,2198.0,414.0,24.0,0.1423851470198685,0.0,0.0,0.0,0.0
2020-11-12,0.15372615109572582,0.17876230502934248,0.11150047785919083,89237.0,2692.0,464.0,50.0,0.1423851470198685,0.0,0.0,0.0,0.0
2020-11-13,0.15372615109572582,0.17876230502934248,0.11150047785919083,91434.0,2197.0,491.0,27.0,0.1423851470198685,0.0,0.0,0.0,0.0
2020-11-14,0.15372615109572582,0.17876230502934248,0.11150047785919083,93363.0,1929.0,510.0,19.0,0.1423851470198685,0.0,0.0,0.0,0.0
2020-11-15,0.15372615109572582,0.17876230502934248,0.11150047785919083,94662.0,1299.0,510.0,0.0,0.1423851470198685,0.0,0.0,0.0,0.0
2020-11-16,0.14886628996981596,0.16969589147283035,0.11150047785919083,95204.0,542.0,526.0,16.0,0.13854289084704383,0.0,0.0,0.0,0.0
2020-11-17,0.14886628996981596,0.16969589147283035,0.11150047785919083,96816.0,1612.0,557.0,31.0,0.13854289084704383,0.0,0.0,0.0,0.0
2020-11-18,0.14886628996981596,0.16969589147283035,0.11150047785919083,98351.0,1535.0,579.0,22.0,0.13854289084704383,0.0,0.0,0.0,0.0
2020-11-19,0.14886628996981596,0.16969589147283035,0.11150047785919083,100458.0,2107.0,579.0,0.0,0.13854289084704383,0.0,0.0,0.0,0.0
2020-11-20,0.14886628996981596,0.16969589147283035,0.11150047785919083,103046.0,2588.0,614.0,35.0,0.13854289084704383,0.0,0.0,0.0,0.0
2020-11-21,0.14886628996981596,0.16969589147283035,0.11150047785919083,105518.0,2472.0,644.0,30.0,0.13854289084704383,0.0,0.0,0.0,0.0
2020-11-22,0.14886628996981596,0.16969589147283035,0.11150047785919083,106824.0,1306.0,671.0,27.0,0.13854289084704383,0.0,0.0,0.0,0.0
2020-11-23,0.14886628996981596,0.16969589147283035,0.11150047785919083,107112.0,288.0,693.0,22.0,0.13854289084704383,0.0,0.0,0.0,0.0
2020-11-24,0.14886628996981596,0.16969589147283035,0.11150047785919083,109017.0,1905.0,709.0,16.0,0.13854289084704383,0.0,0.0,0.0,0.0
2020-11-25,0.14886628996981596,0.16969589147283035,0.11150047785919083,111722.0,2705.0,732.0,23.0,0.13854289084704383,0.0,0.0,0.0,0.0
2020-11-26,0.14886628996981596,0.16969589147283035,0.11150047785919083,114408.0,2686.0,749.0,17.0,0.13854289084704383,0.0,0.0,0.0,0.0
2020-11-27,0.14886628996981596,0.16969589147283035,0.11150047785919083,117124.0,2716.0,771.0,22.0,0.13854289084704383,0.0,0.0,0.0,0.0
2020-11-28,0.14886628996981596,0.16969589147283035,0.11150047785919083,119438.0,2314.0,798.0,27.0,0.13854289084704383,0.0,0.0,0.0,0.0
2020-11-29,0.14886628996981596,0.16969589147283035,0.11150047785919083,120971.0,1533.0,816.0,18.0,0.13854289084704383,0.0,0.0,0.0,0.0
2020-11-30,0.14886628996981596,0.16969589147283035,0.11150047785919083,121347.0,376.0,839.0,23.0,0.13854289084704383,0.0,0.0,0.0,0.0
2020-12-01,0.14886628996981596,0.16969589147283035,0.11150047785919083,124318.0,2971.0,868.0,29.0,0.13854289084704383,0.0,0.0,0.0,0.0
2020-12-02,0.14886628996981596,0.16969589147283035,0.11150047785919083,127958.0,3640.0,898.0,30.0,0.13854289084704383,0.0,0.0,0.0,0.0
2020-12-03,0.14886628996981596,0.16969589147283035,0.11150047785919083,131603.0,3645.0,930.0,32.0,0.13854289084704383,0.0,0.0,0.0,0.0
2020-12-04,0.14886628996981596,0.16969589147283035,0.11150047785919083,135061.0,3458.0,957.0,27.0,0.13854289084704383,0.0,0.0,0.0,0.0
2020-12-05,0.14886628996981596,0.16969589147283035,0.11150047785919083,138391.0,3330.0,981.0,24.0,0.13854289084704383,0.0,0.0,0.0,0.0
2020-12-06,0.14886628996981596,0.16969589147283035,0.11150047785919083,140027.0,1636.0,996.0,15.0,0.13854289084704383,0.0,0.0,0.0,0.0
2020-12-07,0.14886628996981596,0.16969589147283035,0.11150047785919083,140708.0,681.0,1018.0,22.0,0.13854289084704383,0.0,0.0,0.0,0.0
2020-12-08,0.14886628996981596,0.16969589147283035,0.11150047785919083,144821.0,4113.0,1046.0,28.0,0.13854289084704383,0.0,0.0,0.0,0.0
2020-12-09,0.14886628996981596,0.16969589147283035,0.11150047785919083,150345.0,5524.0,1084.0,38.0,0.13854289084704383,0.0,0.0,0.0,0.0
2020-12-10,0.14886628996981596,0.16969589147283035,0.11150047785919083,155776.0,5431.0,1104.0,20.0,0.13854289084704383,0.0,0.0,0.0,0.0
2020-12-11,0.13798752134068726,0.14933922707235978,0.11150047785919083,161050.0,5274.0,1122.0,18.0,0.12987934207274204,0.0,0.0,0.0,0.0
2020-12-12,0.13798752134068726,0.14933922707235978,0.11150047785919083,167317.0,6267.0,1148.0,26.0,0.12987934207274204,0.0,0.0,0.0,0.0
2020-12-13,0.13798752134068726,0.14933922707235978,0.11150047785919083,170507.0,3190.0,1175.0,27.0,0.12987934207274204,0.0,0.0,0.0,0.0
2020-12-14,0.13798752134068726,0.14933922707235978,0.11150047785919083,171111.0,604.0,1205.0,30.0,0.12987934207274204,0.0,0.0,0.0,0.0
2020-12-15,0.13798752134068726,0.14933922707235978,0.11150047785919083,176317.0,5206.0,1251.0,46.0,0.12987934207274204,0.0,0.0,0.0,0.0
2020-12-16,0.13798752134068726,0.14933922707235978,0.11150047785919083,184020.0,7703.0,1309.0,58.0,0.12987934207274204,0.0,0.0,0.0,0.0
2020-12-17,0.13798752134068726,0.14933922707235978,0.11150047785919083,190616.0,6596.0,1378.0,69.0,0.12987934207274204,0.0,0.0,0.0,0.0
2020-12-18,0.13798752134068726,0.14933922707235978,0.11150047785919083,198451.0,7835.0,1440.0,62.0,0.12987934207274204,0.0,0.0,0.0,0.0
2020-12-19,0.13434770903299742,0.14254552634807308,0.11150047785919083,204973.0,6522.0,1510.0,70.0,0.12699764994312351,0.0,0.0,0.0,0.0
2020-12-20,0.13434770903299742,0.14254552634807308,0.11150047785919083,208055.0,3082.0,1555.0,45.0,0.12699764994312351,0.0,0.0,0.0,0.0
2020-12-21,0.13434770903299742,0.14254552634807308,0.11150047785919083,209770.0,1715.0,1618.0,63.0,0.12699764994312351,0.0,0.0,0.0,0.0
2020-12-22,0.13434770903299742,0.14254552634807308,0.11150047785919083,219523.0,9753.0,1618.0,0.0,0.12699764994312351,0.0,0.0,0.0,0.0
2020-12-23,0.13434770903299742,0.14254552634807308,0.11150047785919083,228738.0,9215.0,1686.0,68.0,0.12699764994312351,0.0,0.0,0.0,0.0
2020-12-24,0.13434770903299742,0.14254552634807308,0.11150047785919083,236092.0,7354.0,1732.0,46.0,0.12699764994312351,0.0,0.0,0.0,0.0
2020-12-25,0.13434770903299742,0.14254552634807308,0.11150047785919083,241156.0,5064.0,1732.0,0.0,0.12699764994312351,0.0,0.0,0.0,0.0
2020-12-26,0.1372554920497552,0.14254552634807308,0.11150047785919083,242338.0,1182.0,1732.0,0.0,0.1293066981239076,0.0,0.0,0.0,0.0
2020-12-27,0.1372554920497552,0.14254552634807308,0.11150047785919083,243424.0,1086.0,1773.0,41.0,0.1293066981239076,0.0,0.0,0.0,0.0
2020-12-28,0.1372554920497552,0.14254552634807308,0.11150047785919083,244297.0,873.0,1879.0,106.0,0.1293066981239076,0.0,0.0,0.0,0.0
2020-12-29,0.1372554920497552,0.14254552634807308,0.11150047785919083,252945.0,8648.0,1983.0,104.0,0.1293066981239076,0.0,0.0,0.0,0.0
2020-12-30,0.1372554920497552,0.14254552634807308,0.11150047785919083,262688.0,9743.0,2065.0,82.0,0.1293066981239076,0.0,0.0,0.0,0.0
2020-12-31,0.1372554920497552,0.14254552634807308,0.11150047785919083,274603.0,11915.0,2138.0,73.0,0.1293066981239076,0.0,0.0,0.0,0.0
2021-01-01,0.14089530435744504,0.14933922707235978,0.11150047785919083,285079.0,10476.0,2250.0,112.0,0.1321883902535261,0.0,0.0,0.0,0.0
2021-01-02,0.14089530435744504,0.14933922707235978,0.11150047785919083,287405.0,2326.0,2250.0,0.0,0.1321883902535261,0.0,0.0,0.0,0.0
2021-01-03,0.14089530435744504,0.14933922707235978,0.11150047785919083,289150.0,1745.0,2317.0,67.0,0.1321883902535261,30160.0,30159.0,0.0,1.0
2021-01-04,0.14089530435744504,0.14933922707235978,0.11150047785919083,290058.0,908.0,2521.0,204.0,0.1321883902535261,0.0,0.0,0.0,0.0
2021-01-05,0.14089530435744504,0.14933922707235978,0.11150047785919083,300405.0,10347.0,2603.0,82.0,0.1321883902535261,0.0,0.0,0.0,0.0
2021-01-06,0.14089530435744504,0.14933922707235978,0.11150047785919083,311485.0,11080.0,2657.0,54.0,0.1321883902535261,0.0,0.0,0.0,0.0
2021-01-07,0.15177407298657378,0.16969589147283035,0.11150047785919083,314650.0,3165.0,2717.0,60.0,0.14085193902782792,0.0,0.0,0.0,0.0
2021-01-08,0.15177407298657378,0.16969589147283035,0.11150047785919083,322941.0,8291.0,2788.0,71.0,0.14085193902782792,0.0,0.0,0.0,0.0
2021-01-09,0.15177407298657378,0.16969589147283035,0.11150047785919083,330944.0,8003.0,2836.0,48.0,0.14085193902782792,0.0,0.0,0.0,0.0
2021-01-10,0.15177407298657378,0.16969589147283035,0.11150047785919083,335804.0,4860.0,2918.0,82.0,0.14085193902782792,63481.0,63479.0,0.0,2.0
2021-01-11,0.15661359996551327,0.17876230502934248,0.11150047785919083,337589.0,1785.0,3007.0,89.0,0.14469419520065258,0.0,0.0,0.0,0.0
2021-01-12,0.15661359996551327,0.17876230502934248,0.11150047785919083,343293.0,5704.0,3102.0,95.0,0.14469419520065258,0.0,0.0,0.0,0.0
2021-01-13,0.15661359996551327,0.17876230502934248,0.11150047785919083,349898.0,6605.0,3163.0,61.0,0.14469419520065258,0.0,0.0,0.0,0.0
2021-01-14,0.15661359996551327,0.17876230502934248,0.11150047785919083,355451.0,5553.0,3260.0,97.0,0.14469419520065258,0.0,0.0,0.0,0.0
2021-01-15,0.15661359996551327,0.17876230502934248,0.11150047785919083,360473.0,5022.0,3362.0,102.0,0.14469419520065258,0.0,0.0,0.0,0.0
2021-01-16,0.15661359996551327,0.17876230502934248,0.11150047785919083,364694.0,4221.0,3417.0,55.0,0.14469419520065258,0.0,0.0,0.0,0.0
2021-01-17,0.15661359996551327,0.17876230502934248,0.11150047785919083,366395.0,1701.0,3474.0,57.0,0.14469419520065258,101443.0,98585.0,2839.0,6.0
2021-01-18,0.15952138298227106,0.17876230502934248,0.11150047785919083,369089.0,2694.0,3526.0,52.0,0.14700324338143667,0.0,0.0,0.0,0.0
2021-01-19,0.15952138298227106,0.17876230502934248,0.11150047785919083,374383.0,5294.0,3637.0,111.0,0.14700324338143667,0.0,0.0,0.0,0.0
2021-01-20,0.15952138298227106,0.17876230502934248,0.11150047785919083,379537.0,5154.0,3737.0,100.0,0.14700324338143667,0.0,0.0,0.0,0.0
2021-01-21,0.15952138298227106,0.17876230502934248,0.11150047785919083,384329.0,4792.0,3801.0,64.0,0.14700324338143667,0.0,0.0,0.0,0.0
2021-01-22,0.15952138298227106,0.17876230502934248,0.11150047785919083,389217.0,4888.0,3894.0,93.0,0.14700324338143667,0.0,0.0,0.0,0.0
2021-01-23,0.15952138298227106,0.17876230502934248,0.11150047785919083,393609.0,4392.0,3965.0,71.0,0.14700324338143667,0.0,0.0,0.0,0.0
2021-01-24,0.15952138298227106,0.17876230502934248,0.11150047785919083,402029.0,8420.0,4068.0,103.0,0.14700324338143667,148585.0,138694.0,9824.0,6.0
2021-01-25,0.15952138298227106,0.17876230502934248,0.11150047785919083,406373.0,4344.0,4068.0,0.0,0.14700324338143667,0.0,0.0,0.0,0.0
2021-01-26,0.15952138298227106,0.17876230502934248,0.11150047785919083,410701.0,4328.0,4260.0,192.0,0.14700324338143667,0.0,0.0,0.0,0.0
2021-01-27,0.15952138298227106,0.17876230502934248,0.11150047785919083,416143.0,5442.0,4361.0,101.0,0.14700324338143667,0.0,0.0,0.0,0.0
2021-01-28,0.15952138298227106,0.17876230502934248,0.11150047785919083,419905.0,3762.0,4411.0,50.0,0.14700324338143667,0.0,0.0,0.0,0.0
2021-01-29,0.15952138298227106,0.17876230502934248,0.11150047785919083,424576.0,4671.0,4495.0,84.0,0.14700324338143667,0.0,0.0,0.0,0.0
2021-01-30,0.15952138298227106,0.17876230502934248,0.11150047785919083,429474.0,4898.0,4565.0,70.0,0.14700324338143667,0.0,0.0,0.0,0.0
2021-01-31,0.15952138298227106,0.17876230502934248,0.11150047785919083,436016.0,6542.0,4642.0,77.0,0.14700324338143667,217224.0,184635.0,32371.0,6.0
2021-02-01,0.15952138298227106,0.17876230502934248,0.11150047785919083,439325.0,3309.0,4711.0,69.0,0.14700324338143667,0.0,0.0,0.0,0.0
2021-02-02,0.15952138298227106,0.17876230502934248,0.11150047785919083,444562.0,5237.0,4784.0,73.0,0.14700324338143667,0.0,0.0,0.0,0.0
2021-02-03,0.15952138298227106,0.17876230502934248,0.11150047785919083,451043.0,6481.0,4889.0,105.0,0.14700324338143667,0.0,0.0,0.0,0.0
2021-02-04,0.15952138298227106,0.17876230502934248,0.11150047785919083,455693.0,4650.0,4976.0,87.0,0.14700324338143667,0.0,0.0,0.0,0.0
2021-02-05,0.15952138298227106,0.17876230502934248,0.11150047785919083,461246.0,5553.0,5050.0,74.0,0.14700324338143667,0.0,0.0,0.0,0.0
2021-02-06,0.15952138298227106,0.17876230502934248,0.11150047785919083,466535.0,5289.0,5135.0,85.0,0.14700324338143667,0.0,0.0,0.0,0.0
2021-02-07,0.15952138298227106,0.17876230502934248,0.11150047785919083,473575.0,7040.0,5199.0,64.0,0.14700324338143667,299324.0,235290.0,63698.0,6.0
2021-02-08,0.15710161949280133,0.17424131713728114,0.11150047785919083,477647.0,4072.0,5271.0,72.0,0.14508211529502432,0.0,0.0,0.0,0.0
2021-02-09,0.15710161949280133,0.17424131713728114,0.11150047785919083,483002.0,5355.0,5382.0,111.0,0.14508211529502432,0.0,0.0,0.0,0.0
2021-02-10,0.15710161949280133,0.17424131713728114,0.11150047785919083,489218.0,6216.0,5502.0,120.0,0.14508211529502432,0.0,0.0,0.0,0.0
2021-02-11,0.15710161949280133,0.17424131713728114,0.11150047785919083,494688.0,5470.0,5629.0,127.0,0.14508211529502432,0.0,0.0,0.0,0.0
2021-02-12,0.16000940250955908,0.17424131713728114,0.11150047785919083,499593.0,4905.0,5733.0,104.0,0.14739116347580838,0.0,0.0,0.0,0.0
2021-02-13,0.16000940250955908,0.17424131713728114,0.11150047785919083,505266.0,5673.0,5812.0,79.0,0.14739116347580838,0.0,0.0,0.0,0.0
2021-02-14,0.16000940250955908,0.17424131713728114,0.11150047785919083,511547.0,6281.0,5885.0,73.0,0.14739116347580838,371706.0,274838.0,96428.0,6.0
2021-02-15,0.16000940250955908,0.17424131713728114,0.11150047785919083,515038.0,3491.0,5952.0,67.0,0.14739116347580838,0.0,0.0,0.0,0.0
2021-02-16,0.16000940250955908,0.17424131713728114,0.11150047785919083,519763.0,4725.0,6063.0,111.0,0.14739116347580838,0.0,0.0,0.0,0.0
2021-02-17,0.16000940250955908,0.17424131713728114,0.11150047785919083,525692.0,5929.0,6168.0,105.0,0.14739116347580838,0.0,0.0,0.0,0.0
2021-02-18,0.16000940250955908,0.17424131713728114,0.11150047785919083,531043.0,5351.0,6271.0,103.0,0.14739116347580838,0.0,0.0,0.0,0.0
2021-02-19,0.16000940250955908,0.17424131713728114,0.11150047785919083,536173.0,5130.0,6350.0,79.0,0.14739116347580838,0.0,0.0,0.0,0.0
2021-02-20,0.16000940250955908,0.17424131713728114,0.11150047785919083,542452.0,6279.0,6424.0,74.0,0.14739116347580838,0.0,0.0,0.0,0.0
2021-02-21,0.15819966342919933,0.17424131713728114,0.11150047785919083,549434.0,6982.0,6505.0,81.0,0.14595031741099915,448455.0,313161.0,134461.0,6.0
2021-02-22,0.15819966342919933,0.17424131713728114,0.11150047785919083,552972.0,3538.0,6577.0,72.0,0.14595031741099915,0.0,0.0,0.0,0.0
2021-02-23,0.15819966342919933,0.17424131713728114,0.11150047785919083,558407.0,5435.0,6671.0,94.0,0.14595031741099915,0.0,0.0,0.0,0.0
2021-02-24,0.15819966342919933,0.17424131713728114,0.11150047785919083,564839.0,6432.0,6775.0,104.0,0.14595031741099915,0.0,0.0,0.0,0.0
2021-02-25,0.15819966342919933,0.17424131713728114,0.11150047785919083,570287.0,5448.0,6859.0,84.0,0.14595031741099915,0.0,0.0,0.0,0.0
2021-02-26,0.15819966342919933,0.17424131713728114,0.11150047785919083,575542.0,5255.0,6966.0,107.0,0.14595031741099915,0.0,0.0,0.0,0.0
2021-02-27,0.15819966342919933,0.17424131713728114,0.11150047785919083,581724.0,6182.0,7075.0,109.0,0.14595031741099915,0.0,0.0,0.0,0.0
2021-02-28,0.15819966342919933,0.17424131713728114,0.11150047785919083,588671.0,6947.0,7189.0,114.0,0.14595031741099915,546223.0,364358.0,180506.0,6.0
2021-03-01,0.15819966342919933,0.17424131713728114,0.11150047785919083,592135.0,3464.0,7270.0,81.0,0.14595031741099915,0.0,0.0,0.0,0.0
2021-03-02,0.15819966342919933,0.17424131713728114,0.11150047785919083,597397.0,5262.0,7388.0,118.0,0.14595031741099915,0.0,0.0,0.0,0.0
2021-03-03,0.15819966342919933,0.17424131713728114,0.11150047785919083,603500.0,6103.0,7489.0,101.0,0.14595031741099915,0.0,0.0,0.0,0.0
2021-03-04,0.15819966342919933,0.17424131713728114,0.11150047785919083,608790.0,5290.0,7560.0,71.0,0.14595031741099915,0.0,0.0,0.0,0.0
2021-03-05,0.15819966342919933,0.17424131713728114,0.11150047785919083,613613.0,4823.0,7665.0,105.0,0.14595031741099915,0.0,0.0,0.0,0.0
2021-03-06,0.15819966342919933,0.17424131713728114,0.11150047785919083,618978.0,5365.0,7739.0,74.0,0.14595031741099915,0.0,0.0,0.0,0.0
2021-03-07,0.15819966342919933,0.17424131713728114,0.11150047785919083,624188.0,5210.0,7836.0,97.0,0.14595031741099915,652175.0,432714.0,217802.0,6.0
2021-03-08,0.15819966342919933,0.17424131713728114,0.11150047785919083,626882.0,2694.0,7921.0,85.0,0.14595031741099915,0.0,0.0,0.0,0.0
2021-03-09,0.15819966342919933,0.17424131713728114,0.11150047785919083,631700.0,4818.0,8037.0,116.0,0.14595031741099915,0.0,0.0,0.0,0.0
2021-03-10,0.15819966342919933,0.17424131713728114,0.11150047785919083,637344.0,5644.0,8146.0,109.0,0.14595031741099915,0.0,0.0,0.0,0.0
2021-03-11,0.15819966342919933,0.17424131713728114,0.11150047785919083,641295.0,3951.0,8244.0,98.0,0.14595031741099915,0.0,0.0,0.0,0.0
2021-03-12,0.15819966342919933,0.17424131713728114,0.11150047785919083,645457.0,4162.0,8346.0,102.0,0.14595031741099915,0.0,0.0,0.0,0.0
2021-03-13,0.15819966342919933,0.17424131713728114,0.11150047785919083,650209.0,4752.0,8440.0,94.0,0.14595031741099915,0.0,0.0,0.0,0.0
2021-03-14,0.15819966342919933,0.17424131713728114,0.11150047785919083,654912.0,4703.0,8528.0,88.0,0.14595031741099915,784461.0,540097.0,242544.0,6.0
2021-03-15,0.15819966342919933,0.17424131713728114,0.11150047785919083,657214.0,2302.0,8605.0,77.0,0.14595031741099915,0.0,0.0,0.0,0.0
2021-03-16,0.15819966342919933,0.17424131713728114,0.11150047785919083,661025.0,3811.0,8669.0,64.0,0.14595031741099915,0.0,0.0,0.0,0.0
2021-03-17,0.15819966342919933,0.17424131713728114,0.11150047785919083,665746.0,4721.0,8738.0,69.0,0.14595031741099915,0.0,0.0,0.0,0.0
2021-03-18,0.15819966342919933,0.17424131713728114,0.11150047785919083,669337.0,3591.0,8814.0,76.0,0.14595031741099915,0.0,0.0,0.0,0.0
2021-03-19,0.15819966342919933,0.17424131713728114,0.11150047785919083,672631.0,3294.0,8894.0,80.0,0.14595031741099915,0.0,0.0,0.0,0.0
2021-03-20,0.1618191415899188,0.18101058008917834,0.11150047785919083,676460.0,3829.0,8978.0,84.0,0.14883200954061762,0.0,0.0,0.0,0.0
2021-03-21,0.1618191415899188,0.18101058008917834,0.11150047785919083,680076.0,3616.0,9044.0,66.0,0.14883200954061762,915724.0,653627.0,260196.0,6.0
2021-03-22,0.1618191415899188,0.18101058008917834,0.11150047785919083,682042.0,1966.0,9104.0,60.0,0.14883200954061762,0.0,0.0,0.0,0.0
2021-03-23,0.1618191415899188,0.18101058008917834,0.11150047785919083,685094.0,3052.0,9190.0,86.0,0.14883200954061762,0.0,0.0,0.0,0.0
2021-03-24,0.1618191415899188,0.18101058008917834,0.11150047785919083,688587.0,3493.0,9261.0,71.0,0.14883200954061762,0.0,0.0,0.0,0.0
2021-03-25,0.1618191415899188,0.18101058008917834,0.11150047785919083,691648.0,3061.0,9313.0,52.0,0.14883200954061762,0.0,0.0,0.0,0.0
2021-03-26,0.1618191415899188,0.18101058008917834,0.11150047785919083,694284.0,2636.0,9373.0,60.0,0.14883200954061762,0.0,0.0,0.0,0.0
2021-03-27,0.1618191415899188,0.18101058008917834,0.11150047785919083,697479.0,3195.0,9426.0,53.0,0.14883200954061762,0.0,0.0,0.0,0.0
2021-03-28,0.1647269246066766,0.18101058008917834,0.11150047785919083,700607.0,3128.0,9496.0,70.0,0.15114105772140168,1021329.0,751763.0,267615.0,6.0
2021-03-29,0.1647269246066766,0.18101058008917834,0.11150047785919083,702117.0,1510.0,9542.0,46.0,0.15114105772140168,0.0,0.0,0.0,0.0
2021-03-30,0.1647269246066766,0.18101058008917834,0.11150047785919083,704811.0,2694.0,9624.0,82.0,0.15114105772140168,0.0,0.0,0.0,0.0
2021-03-31,0.1647269246066766,0.18101058008917834,0.11150047785919083,707876.0,3065.0,9719.0,95.0,0.15114105772140168,0.0,0.0,0.0,0.0
2021-04-01,0.1647269246066766,0.18101058008917834,0.11150047785919083,710422.0,2546.0,9790.0,71.0,0.15114105772140168,0.0,0.0,0.0,0.0
2021-04-02,0.1647269246066766,0.18101058008917834,0.11150047785919083,713050.0,2628.0,9877.0,87.0,0.15114105772140168,0.0,0.0,0.0,0.0
2021-04-03,0.1647269246066766,0.18101058008917834,0.11150047785919083,714421.0,1371.0,9948.0,71.0,0.15114105772140168,0.0,0.0,0.0,0.0
2021-04-04,0.1647269246066766,0.18101058008917834,0.11150047785919083,716997.0,2576.0,10025.0,77.0,0.15114105772140168,1156822.0,861555.0,293042.0,6.0
2021-04-05,0.1647269246066766,0.18101058008917834,0.11150047785919083,717704.0,707.0,10094.0,69.0,0.15114105772140168,0.0,0.0,0.0,0.0
2021-04-06,0.1647269246066766,0.18101058008917834,0.11150047785919083,718676.0,972.0,10094.0,0.0,0.15114105772140168,0.0,0.0,0.0,0.0
2021-04-07,0.1647269246066766,0.18101058008917834,0.11150047785919083,721316.0,2640.0,10243.0,149.0,0.15114105772140168,0.0,0.0,0.0,0.0
2021-04-08,0.1647269246066766,0.18101058008917834,0.11150047785919083,723860.0,2544.0,10322.0,79.0,0.15114105772140168,0.0,0.0,0.0,0.0
2021-04-09,0.1647269246066766,0.18101058008917834,0.11150047785919083,725589.0,1729.0,10411.0,89.0,0.15114105772140168,0.0,0.0,0.0,0.0
2021-04-10,0.1647269246066766,0.18101058008917834,0.11150047785919083,727606.0,2017.0,10487.0,76.0,0.15114105772140168,0.0,0.0,0.0,0.0
2021-04-11,0.1647269246066766,0.18101058008917834,0.11150047785919083,729587.0,1981.0,10565.0,78.0,0.15114105772140168,1311803.0,958349.0,350794.0,6.0
2021-04-12,0.16230716111720683,0.17648959219711705,0.11150047785919083,730428.0,841.0,10630.0,65.0,0.14921992963498937,0.0,0.0,0.0,0.0
2021-04-13,0.16230716111720683,0.17648959219711705,0.11150047785919083,732212.0,1784.0,10716.0,86.0,0.14921992963498937,0.0,0.0,0.0,0.0
2021-04-14,0.16230716111720683,0.17648959219711705,0.11150047785919083,733974.0,1762.0,10798.0,82.0,0.14921992963498937,0.0,0.0,0.0,0.0
2021-04-15,0.16230716111720683,0.17648959219711705,0.11150047785919083,735497.0,1523.0,10877.0,79.0,0.14921992963498937,0.0,0.0,0.0,0.0
2021-04-16,0.16230716111720683,0.17648959219711705,0.11150047785919083,736807.0,1310.0,10970.0,93.0,0.14921992963498937,0.0,0.0,0.0,0.0
2021-04-17,0.16230716111720683,0.17648959219711705,0.11150047785919083,738393.0,1586.0,11043.0,73.0,0.14921992963498937,0.0,0.0,0.0,0.0
2021-04-18,0.16230716111720683,0.17648959219711705,0.11150047785919083,740038.0,1645.0,11106.0,63.0,0.14921992963498937,1463516.0,1027209.0,433350.0,6.0
2021-04-19,0.15443784623968754,0.16517490358076906,0.11150047785919083,740766.0,728.0,11172.0,66.0,0.14297626335414926,0.0,0.0,0.0,0.0
2021-04-20,0.15443784623968754,0.16517490358076906,0.11150047785919083,742236.0,1470.0,11244.0,72.0,0.14297626335414926,0.0,0.0,0.0,0.0
2021-04-21,0.15443784623968754,0.16517490358076906,0.11150047785919083,743647.0,1411.0,11304.0,60.0,0.14297626335414926,0.0,0.0,0.0,0.0
2021-04-22,0.15443784623968754,0.16517490358076906,0.11150047785919083,744982.0,1335.0,11357.0,53.0,0.14297626335414926,0.0,0.0,0.0,0.0
2021-04-23,0.15443784623968754,0.16517490358076906,0.11150047785919083,746030.0,1048.0,11405.0,48.0,0.14297626335414926,0.0,0.0,0.0,0.0
2021-04-24,0.15443784623968754,0.16517490358076906,0.11150047785919083,747566.0,1536.0,11458.0,53.0,0.14297626335414926,0.0,0.0,0.0,0.0
2021-04-25,0.15443784623968754,0.16517490358076906,0.11150047785919083,748935.0,1369.0,11495.0,37.0,0.14297626335414926,1632429.0,1115721.0,513382.0,6.0
2021-04-26,0.15443784623968754,0.16517490358076906,0.11150047785919083,749627.0,692.0,11531.0,36.0,0.14297626335414926,0.0,0.0,0.0,0.0
2021-04-27,0.15443784623968754,0.16517490358076906,0.11150047785919083,750817.0,1190.0,11572.0,41.0,0.14297626335414926,0.0,0.0,0.0,0.0
2021-04-28,0.15443784623968754,0.16517490358076906,0.11150047785919083,752009.0,1192.0,11611.0,39.0,0.14297626335414926,0.0,0.0,0.0,0.0
2021-04-29,0.15734562925644532,0.16517490358076906,0.11150047785919083,753075.0,1066.0,11647.0,36.0,0.14528531153493332,0.0,0.0,0.0,0.0
2021-04-30,0.15734562925644532,0.16517490358076906,0.11150047785919083,754078.0,1003.0,11684.0,37.0,0.14528531153493332,0.0,0.0,0.0,0.0
2021-05-01,0.15734562925644532,0.16517490358076906,0.11150047785919083,755233.0,1155.0,11732.0,48.0,0.14528531153493332,0.0,0.0,0.0,0.0
2021-05-02,0.15734562925644532,0.16517490358076906,0.11150047785919083,756249.0,1016.0,11766.0,34.0,0.14528531153493332,1831946.0,1236034.0,592315.0,6.0
2021-05-03,0.15734562925644532,0.16517490358076906,0.11150047785919083,756876.0,627.0,11807.0,41.0,0.14528531153493332,0.0,0.0,0.0,0.0
2021-05-04,0.15734562925644532,0.16517490358076906,0.11150047785919083,757806.0,930.0,11855.0,48.0,0.14528531153493332,0.0,0.0,0.0,0.0
2021-05-05,0.15734562925644532,0.16517490358076906,0.11150047785919083,758896.0,1090.0,11886.0,31.0,0.14528531153493332,0.0,0.0,0.0,0.0
2021-05-06,0.15734562925644532,0.16517490358076906,0.11150047785919083,759611.0,715.0,11920.0,34.0,0.14528531153493332,0.0,0.0,0.0,0.0
2021-05-07,0.15734562925644532,0.16517490358076906,0.11150047785919083,760362.0,751.0,11946.0,26.0,0.14528531153493332,0.0,0.0,0.0,0.0
2021-05-08,0.15734562925644532,0.16517490358076906,0.11150047785919083,761194.0,832.0,11990.0,44.0,0.14528531153493332,0.0,0.0,0.0,0.0
2021-05-09,0.15008633878803604,0.16517490358076906,0.11150047785919083,761546.0,352.0,12019.0,29.0,0.13950345489025,2067000.0,1389494.0,673642.0,7.0
2021-05-10,0.15008633878803604,0.16517490358076906,0.11150047785919083,762257.0,711.0,12051.0,32.0,0.13950345489025,0.0,0.0,0.0,0.0
2021-05-11,0.15372615109572582,0.17196860430505578,0.12742911755336095,763041.0,784.0,12077.0,26.0,0.14528531153493332,0.0,0.0,0.0,0.0
2021-05-12,0.1416069995014067,0.14933922707235978,0.12742911755336095,763714.0,673.0,12096.0,19.0,0.13566119871742532,0.0,0.0,0.0,0.0
2021-05-13,0.1416069995014067,0.14933922707235978,0.12742911755336095,764321.0,607.0,12135.0,39.0,0.13566119871742532,0.0,0.0,0.0,0.0
2021-05-14,0.1416069995014067,0.14933922707235978,0.12742911755336095,764881.0,560.0,12168.0,33.0,0.13566119871742532,0.0,0.0,0.0,0.0
2021-05-15,0.13192794554352769,0.1312308377317251,0.12742911755336095,765492.0,611.0,12203.0,35.0,0.1279582139863297,0.0,0.0,0.0,0.0
2021-05-16,0.13192794554352769,0.1312308377317251,0.12742911755336095,765867.0,375.0,12224.0,21.0,0.1279582139863297,2317232.0,1555168.0,757541.0,8.0
2021-05-17,0.1295081820540579,0.1267098498396638,0.12742911755336095,766253.0,386.0,12238.0,14.0,0.12603708589991736,0.0,0.0,0.0,0.0
2021-05-18,0.1295081820540579,0.1267098498396638,0.12742911755336095,766804.0,551.0,12248.0,10.0,0.12603708589991736,0.0,0.0,0.0,0.0
2021-05-19,0.1295081820540579,0.1267098498396638,0.12742911755336095,767276.0,472.0,12262.0,14.0,0.12603708589991736,0.0,0.0,0.0,0.0
2021-05-20,0.1295081820540579,0.1267098498396638,0.12742911755336095,767731.0,455.0,12272.0,10.0,0.12603708589991736,0.0,0.0,0.0,0.0
2021-05-21,0.1295081820540579,0.1267098498396638,0.12742911755336095,768041.0,310.0,12280.0,8.0,0.12603708589991736,0.0,0.0,0.0,0.0
2021-05-22,0.1295081820540579,0.1267098498396638,0.12742911755336095,768439.0,398.0,12286.0,6.0,0.12603708589991736,0.0,0.0,0.0,0.0
2021-05-23,0.1295081820540579,0.1267098498396638,0.12742911755336095,768747.0,308.0,12292.0,6.0,0.12603708589991736,2568546.0,1706186.0,857375.0,8.0
2021-05-24,0.12466865507511841,0.11766787405554119,0.12742911755336095,768955.0,208.0,12296.0,4.0,0.12219482972709268,0.0,0.0,0.0,0.0
2021-05-25,0.12466865507511841,0.11766787405554119,0.12742911755336095,769351.0,396.0,12301.0,5.0,0.12219482972709268,0.0,0.0,0.0,0.0
2021-05-26,0.12466865507511841,0.11766787405554119,0.12742911755336095,769748.0,397.0,12312.0,11.0,0.12219482972709268,0.0,0.0,0.0,0.0
2021-05-27,0.12466865507511841,0.11766787405554119,0.12742911755336095,770058.0,310.0,12320.0,8.0,0.12219482972709268,0.0,0.0,0.0,0.0
2021-05-28,0.12466865507511841,0.11766787405554119,0.12742911755336095,770311.0,253.0,12333.0,13.0,0.12219482972709268,0.0,0.0,0.0,0.0
2021-05-29,0.12466865507511841,0.11766787405554119,0.12742911755336095,770629.0,318.0,12333.0,0.0,0.12219482972709268,0.0,0.0,0.0,0.0
2021-05-30,0.12466865507511841,0.11766787405554119,0.12742911755336095,770851.0,222.0,12339.0,6.0,0.12219482972709268,2812249.0,1811000.0,995830.0,8.0
2021-05-31,0.12466865507511841,0.11766787405554119,0.12742911755336095,771008.0,157.0,12343.0,4.0,0.12219482972709268,0.0,0.0,0.0,0.0
2021-06-01,0.12466865507511841,0.11766787405554119,0.12742911755336095,771363.0,355.0,12353.0,10.0,0.12219482972709268,0.0,0.0,0.0,0.0
2021-06-02,0.12466865507511841,0.11766787405554119,0.12742911755336095,771621.0,258.0,12366.0,13.0,0.12219482972709268,0.0,0.0,0.0,0.0
2021-06-03,0.12466865507511841,0.11766787405554119,0.12742911755336095,771879.0,258.0,12375.0,9.0,0.12219482972709268,0.0,0.0,0.0,0.0
2021-06-04,0.12466865507511841,0.11766787405554119,0.12742911755336095,772106.0,227.0,12382.0,7.0,0.12219482972709268,0.0,0.0,0.0,0.0
2021-06-05,0.12466865507511841,0.11766787405554119,0.12742911755336095,772358.0,252.0,12395.0,13.0,0.12219482972709268,0.0,0.0,0.0,0.0
2021-06-06,0.12466865507511841,0.11766787405554119,0.12742911755336095,772528.0,170.0,12404.0,9.0,0.12219482972709268,3055133.0,1879151.0,1170122.0,8.0
2021-06-07,0.12466865507511841,0.11766787405554119,0.12742911755336095,772630.0,102.0,12414.0,10.0,0.12219482972709268,0.0,0.0,0.0,0.0
2021-06-08,0.12466865507511841,0.11766787405554119,0.12742911755336095,772873.0,243.0,12423.0,9.0,0.12219482972709268,0.0,0.0,0.0,0.0
2021-06-09,0.12466865507511841,0.11766787405554119,0.12742911755336095,773114.0,241.0,12430.0,7.0,0.12219482972709268,0.0,0.0,0.0,0.0
2021-06-10,0.12466865507511841,0.11766787405554119,0.12742911755336095,773280.0,166.0,12433.0,3.0,0.12219482972709268,0.0,0.0,0.0,0.0
2021-06-11,0.12466865507511841,0.11766787405554119,0.12742911755336095,773436.0,156.0,12433.0,0.0,0.12219482972709268,0.0,0.0,0.0,0.0
2021-06-12,0.12466865507511841,0.11766787405554119,0.12742911755336095,773611.0,175.0,12436.0,3.0,0.12219482972709268,0.0,0.0,0.0,0.0
2021-06-13,0.12466865507511841,0.11766787405554119,0.12742911755336095,773710.0,99.0,12439.0,3.0,0.12219482972709268,3305307.0,1937731.0,1361471.0,8.0
2021-06-14,0.12466865507511841,0.11766787405554119,0.12742911755336095,773779.0,69.0,12441.0,2.0,0.12219482972709268,0.0,0.0,0.0,0.0
2021-06-15,0.12466865507511841,0.11766787405554119,0.12742911755336095,773906.0,127.0,12446.0,5.0,0.12219482972709268,0.0,0.0,0.0,0.0
2021-06-16,0.12466865507511841,0.11766787405554119,0.12742911755336095,774015.0,109.0,12456.0,10.0,0.12219482972709268,0.0,0.0,0.0,0.0
2021-06-17,0.12466865507511841,0.11766787405554119,0.12742911755336095,774115.0,100.0,12464.0,8.0,0.12219482972709268,0.0,0.0,0.0,0.0
2021-06-18,0.12466865507511841,0.11766787405554119,0.12742911755336095,774196.0,81.0,12478.0,14.0,0.12219482972709268,0.0,0.0,0.0,0.0
2021-06-19,0.12466865507511841,0.11766787405554119,0.12742911755336095,774299.0,103.0,12478.0,0.0,0.12219482972709268,0.0,0.0,0.0,0.0
2021-06-20,0.12466865507511841,0.11766787405554119,0.12742911755336095,774350.0,51.0,12478.0,0.0,0.12219482972709268,3548622.0,1989514.0,1552861.0,8.0
2021-06-21,0.12466865507511841,0.11766787405554119,0.12742911755336095,774392.0,42.0,12496.0,18.0,0.12219482972709268,0.0,0.0,0.0,0.0
2021-06-22,0.12466865507511841,0.11766787405554119,0.12742911755336095,774510.0,118.0,12502.0,6.0,0.12219482972709268,0.0,0.0,0.0,0.0
2021-06-23,0.12466865507511841,0.11766787405554119,0.12742911755336095,774575.0,65.0,12502.0,0.0,0.12219482972709268,0.0,0.0,0.0,0.0
2021-06-24,0.12466865507511841,0.11766787405554119,0.12742911755336095,774642.0,67.0,12502.0,0.0,0.12219482972709268,0.0,0.0,0.0,0.0
2021-06-25,0.12466865507511841,0.11766787405554119,0.12742911755336095,774712.0,70.0,12505.0,3.0,0.12219482972709268,0.0,0.0,0.0,0.0
2021-06-26,0.12466865507511841,0.11766787405554119,0.12742911755336095,774786.0,74.0,12505.0,0.0,0.12219482972709268,0.0,0.0,0.0,0.0
2021-06-27,0.12466865507511841,0.11766787405554119,0.12742911755336095,774838.0,52.0,12505.0,0.0,0.12219482972709268,3771604.0,2062704.0,1707503.0,8.0
2021-06-28,0.1010607104425605,0.10747732296911114,0.12742911755336095,774875.0,37.0,12509.0,4.0,0.1034268861136798,0.0,0.0,0.0,0.0
2021-06-29,0.1010607104425605,0.10747732296911114,0.12742911755336095,774954.0,79.0,12510.0,1.0,0.1034268861136798,0.0,0.0,0.0,0.0
2021-06-30,0.1010607104425605,0.10747732296911114,0.12742911755336095,775011.0,57.0,12510.0,0.0,0.1034268861136798,0.0,0.0,0.0,0.0
2021-07-01,0.1010607104425605,0.10747732296911114,0.12742911755336095,775066.0,55.0,12511.0,1.0,0.1034268861136798,0.0,0.0,0.0,0.0
2021-07-02,0.1010607104425605,0.10747732296911114,0.12742911755336095,775094.0,28.0,12511.0,0.0,0.1034268861136798,0.0,0.0,0.0,0.0
2021-07-03,0.1010607104425605,0.10747732296911114,0.12742911755336095,775128.0,34.0,12513.0,2.0,0.1034268861136798,0.0,0.0,0.0,0.0
2021-07-04,0.1010607104425605,0.10747732296911114,0.12742911755336095,775157.0,29.0,12513.0,0.0,0.1034268861136798,3952349.0,2135112.0,1824192.0,8.0
2021-07-05,0.1010607104425605,0.10747732296911114,0.12742911755336095,775169.0,12.0,12513.0,0.0,0.1034268861136798,0.0,0.0,0.0,0.0
2021-07-06,0.1010607104425605,0.10747732296911114,0.12742911755336095,775193.0,24.0,12514.0,1.0,0.1034268861136798,0.0,0.0,0.0,0.0
2021-07-07,0.1010607104425605,0.10747732296911114,0.12742911755336095,775249.0,56.0,12516.0,2.0,0.1034268861136798,0.0,0.0,0.0,0.0
2021-07-08,0.1010607104425605,0.10747732296911114,0.12742911755336095,775297.0,48.0,12516.0,0.0,0.1034268861136798,0.0,0.0,0.0,0.0
2021-07-09,0.1010607104425605,0.10747732296911114,0.12742911755336095,775347.0,50.0,12517.0,1.0,0.1034268861136798,0.0,0.0,0.0,0.0
2021-07-10,0.1010607104425605,0.10747732296911114,0.12742911755336095,775405.0,58.0,12519.0,2.0,0.1034268861136798,0.0,0.0,0.0,0.0
2021-07-11,0.1010607104425605,0.10747732296911114,0.12742911755336095,775439.0,34.0,12519.0,0.0,0.1034268861136798,4092545.0,2193484.0,1915064.0,8.0
2021-07-12,0.1010607104425605,0.10747732296911114,0.12742911755336095,775454.0,15.0,12521.0,2.0,0.1034268861136798,0.0,0.0,0.0,0.0
2021-07-13,0.1010607104425605,0.10747732296911114,0.12742911755336095,775495.0,41.0,12522.0,1.0,0.1034268861136798,0.0,0.0,0.0,0.0
2021-07-14,0.1010607104425605,0.10747732296911114,0.12742911755336095,775527.0,32.0,12523.0,1.0,0.1034268861136798,0.0,0.0,0.0,0.0
2021-07-15,0.1010607104425605,0.10747732296911114,0.12742911755336095,775566.0,39.0,12524.0,1.0,0.1034268861136798,0.0,0.0,0.0,0.0
2021-07-16,0.1010607104425605,0.10747732296911114,0.12742911755336095,775609.0,43.0,12524.0,0.0,0.1034268861136798,0.0,0.0,0.0,0.0
2021-07-17,0.1010607104425605,0.10747732296911114,0.12742911755336095,775657.0,48.0,12524.0,0.0,0.1034268861136798,0.0,0.0,0.0,0.0
2021-07-18,0.1010607104425605,0.10747732296911114,0.12742911755336095,775694.0,37.0,12524.0,0.0,0.1034268861136798,4189094.0,2229797.0,1981370.0,9.0
2021-07-19,0.09973899088948877,0.10500910795776959,0.12742911755336095,775705.0,11.0,12527.0,3.0,0.10237396014324227,0.0,0.0,0.0,0.0
2021-07-20,0.09973899088948877,0.10500910795776959,0.12742911755336095,775757.0,52.0,12531.0,4.0,0.10237396014324227,0.0,0.0,0.0,0.0
2021-07-21,0.09973899088948877,0.10500910795776959,0.12742911755336095,775809.0,52.0,12534.0,3.0,0.10237396014324227,0.0,0.0,0.0,0.0
2021-07-22,0.09973899088948877,0.10500910795776959,0.12742911755336095,775859.0,50.0,12534.0,0.0,0.10237396014324227,0.0,0.0,0.0,0.0
2021-07-23,0.09973899088948877,0.10500910795776959,0.12742911755336095,775926.0,67.0,12534.0,0.0,0.10237396014324227,0.0,0.0,0.0,0.0
2021-07-24,0.09973899088948877,0.10500910795776959,0.12742911755336095,775979.0,53.0,12534.0,0.0,0.10237396014324227,0.0,0.0,0.0,0.0
2021-07-25,0.09969832259554812,0.1049113568682115,0.12742911755336095,776037.0,58.0,12534.0,0.0,0.10233701537234972,4284997.0,2262180.0,2050216.0,9.0
2021-07-26,0.09969832259554812,0.1049113568682115,0.12742911755336095,776056.0,19.0,12534.0,0.0,0.10233701537234972,0.0,0.0,0.0,0.0
2021-07-27,0.09969832259554812,0.1049113568682115,0.12742911755336095,776129.0,73.0,12534.0,0.0,0.10233701537234972,0.0,0.0,0.0,0.0
2021-07-28,0.09969832259554812,0.1049113568682115,0.12742911755336095,776229.0,100.0,12534.0,0.0,0.10233701537234972,0.0,0.0,0.0,0.0
2021-07-29,0.09969832259554812,0.1049113568682115,0.12742911755336095,776298.0,69.0,12536.0,2.0,0.10233701537234972,0.0,0.0,0.0,0.0
2021-07-30,0.09969832259554812,0.1049113568682115,0.12742911755336095,776358.0,60.0,12536.0,0.0,0.10233701537234972,0.0,0.0,0.0,0.0
2021-07-31,0.09969832259554812,0.1049113568682115,0.12742911755336095,776444.0,86.0,12540.0,4.0,0.10233701537234972,0.0,0.0,0.0,0.0
2021-08-01,0.09965765430160745,0.10483804355104294,0.12742911755336095,776512.0,68.0,12540.0,0.0,0.10230007060145717,4379083.0,2296718.0,2117453.0,9.0
2021-08-02,0.09965765430160745,0.10483804355104294,0.12742911755336095,776534.0,22.0,12540.0,0.0,0.10230007060145717,0.0,0.0,0.0,0.0
2021-08-03,0.09965765430160745,0.10483804355104294,0.12742911755336095,776608.0,74.0,12541.0,1.0,0.10230007060145717,0.0,0.0,0.0,0.0
2021-08-04,0.09965765430160745,0.10483804355104294,0.12742911755336095,776716.0,108.0,12541.0,0.0,0.10230007060145717,0.0,0.0,0.0,0.0
2021-08-05,0.09965765430160745,0.10483804355104294,0.12742911755336095,776781.0,65.0,12541.0,0.0,0.10230007060145717,0.0,0.0,0.0,0.0
2021-08-06,0.09965765430160745,0.10483804355104294,0.12742911755336095,776867.0,86.0,12541.0,0.0,0.10230007060145717,0.0,0.0,0.0,0.0
2021-08-07,0.09965765430160745,0.10483804355104294,0.12742911755336095,776934.0,67.0,12541.0,0.0,0.10230007060145717,0.0,0.0,0.0,0.0
2021-08-08,0.0996169860076668,0.10476473023387438,0.12742911755336095,776988.0,54.0,12541.0,0.0,0.10228159821601089,4458651.0,2325601.0,2175897.0,9.0
2021-08-09,0.0996169860076668,0.10476473023387438,0.12742911755336095,777021.0,33.0,12541.0,0.0,0.10228159821601089,0.0,0.0,0.0,0.0
2021-08-10,0.0996169860076668,0.10476473023387438,0.12742911755336095,777140.0,119.0,12543.0,2.0,0.10228159821601089,0.0,0.0,0.0,0.0
2021-08-11,0.0996169860076668,0.10476473023387438,0.12742911755336095,777237.0,97.0,12544.0,1.0,0.10228159821601089,0.0,0.0,0.0,0.0
2021-08-12,0.0996169860076668,0.10476473023387438,0.12742911755336095,777332.0,95.0,12544.0,0.0,0.10228159821601089,0.0,0.0,0.0,0.0
2021-08-13,0.0996169860076668,0.10476473023387438,0.12742911755336095,777417.0,85.0,12544.0,0.0,0.10228159821601089,0.0,0.0,0.0,0.0
2021-08-14,0.0996169860076668,0.10476473023387438,0.12742911755336095,777545.0,128.0,12544.0,0.0,0.10228159821601089,0.0,0.0,0.0,0.0
2021-08-15,0.09959665186069645,0.10471585468909533,0.12742911755336095,777640.0,95.0,12544.0,0.0,0.10224465344511836,4522774.0,2356017.0,2218460.0,12.0
2021-08-16,0.08747750026637734,0.08208647745639937,0.12742911755336095,777668.0,28.0,12544.0,0.0,0.09262054062761038,0.0,0.0,0.0,0.0
2021-08-17,0.08747750026637734,0.08208647745639937,0.12742911755336095,777787.0,119.0,12546.0,2.0,0.09262054062761038,0.0,0.0,0.0,0.0
2021-08-18,0.08747750026637734,0.08208647745639937,0.12742911755336095,777924.0,137.0,12547.0,1.0,0.09262054062761038,0.0,0.0,0.0,0.0
2021-08-19,0.08747750026637734,0.08208647745639937,0.12742911755336095,778055.0,131.0,12547.0,0.0,0.09262054062761038,0.0,0.0,0.0,0.0
2021-08-20,0.08747750026637734,0.08208647745639937,0.12742911755336095,778177.0,122.0,12547.0,0.0,0.09262054062761038,0.0,0.0,0.0,0.0
2021-08-21,0.08747750026637734,0.08208647745639937,0.12742911755336095,778322.0,145.0,12547.0,0.0,0.09262054062761038,0.0,0.0,0.0,0.0
2021-08-22,0.08745716611940699,0.08203760191162031,0.12742911755336095,778450.0,128.0,12547.0,0.0,0.0926020682421641,4575516.0,2379410.0,2253718.0,14.0
2021-08-23,0.08745716611940699,0.08203760191162031,0.12742911755336095,778501.0,51.0,12547.0,0.0,0.0926020682421641,0.0,0.0,0.0,0.0
2021-08-24,0.08745716611940699,0.08203760191162031,0.12742911755336095,778664.0,163.0,12547.0,0.0,0.0926020682421641,0.0,0.0,0.0,0.0
2021-08-25,0.08745716611940699,0.08203760191162031,0.12742911755336095,778774.0,110.0,12547.0,0.0,0.0926020682421641,0.0,0.0,0.0,0.0
2021-08-26,0.08745716611940699,0.08203760191162031,0.12742911755336095,778983.0,209.0,12547.0,0.0,0.0926020682421641,0.0,0.0,0.0,0.0
2021-08-27,0.08745716611940699,0.08203760191162031,0.12742911755336095,779136.0,153.0,12548.0,1.0,0.0926020682421641,0.0,0.0,0.0,0.0
2021-08-28,0.08745716611940699,0.08203760191162031,0.12742911755336095,779324.0,188.0,12548.0,0.0,0.0926020682421641,0.0,0.0,0.0,0.0
2021-08-29,0.08743683197243667,0.08198872636684126,0.12742911755336095,779460.0,136.0,12548.0,0.0,0.0926020682421641,4616982.0,2396215.0,2282920.0,15.0
2021-08-30,0.08743683197243667,0.08198872636684126,0.12742911755336095,779540.0,80.0,12548.0,0.0,0.0926020682421641,0.0,0.0,0.0,0.0
2021-08-31,0.08743683197243667,0.08198872636684126,0.12742911755336095,779767.0,227.0,12548.0,0.0,0.0926020682421641,0.0,0.0,0.0,0.0
2021-09-01,0.08743683197243667,0.08198872636684126,0.12742911755336095,780075.0,308.0,12548.0,0.0,0.0926020682421641,0.0,0.0,0.0,0.0
2021-09-02,0.08743683197243667,0.08198872636684126,0.12742911755336095,780305.0,230.0,12548.0,0.0,0.0926020682421641,0.0,0.0,0.0,0.0
2021-09-03,0.08743683197243667,0.08198872636684126,0.12742911755336095,780689.0,384.0,12549.0,1.0,0.0926020682421641,0.0,0.0,0.0,0.0
2021-09-04,0.08743683197243667,0.08198872636684126,0.12742911755336095,781164.0,475.0,12549.0,0.0,0.0926020682421641,0.0,0.0,0.0,0.0
2021-09-05,0.08741649782546632,0.08196428859445175,0.12742911755336095,781455.0,291.0,12549.0,0.0,0.09258359585671783,4655468.0,2410517.0,2310032.0,16.0
2021-09-06,0.08741649782546632,0.08196428859445175,0.12742911755336095,781644.0,189.0,12551.0,2.0,0.09258359585671783,0.0,0.0,0.0,0.0
2021-09-07,0.08741649782546632,0.08196428859445175,0.12742911755336095,782148.0,504.0,12552.0,1.0,0.09258359585671783,0.0,0.0,0.0,0.0
2021-09-08,0.08741649782546632,0.08196428859445175,0.12742911755336095,782740.0,592.0,12553.0,1.0,0.09258359585671783,0.0,0.0,0.0,0.0
2021-09-09,0.08741649782546632,0.08196428859445175,0.12742911755336095,783397.0,657.0,12556.0,3.0,0.09258359585671783,0.0,0.0,0.0,0.0
2021-09-10,0.08741649782546632,0.08196428859445175,0.12742911755336095,783959.0,562.0,12558.0,2.0,0.09258359585671783,0.0,0.0,0.0,0.0
2021-09-11,0.08741649782546632,0.08196428859445175,0.12742911755336095,784662.0,703.0,12558.0,0.0,0.09258359585671783,0.0,0.0,0.0,0.0
2021-09-12,0.08739616367849598,0.08193985082206225,0.12742911755336095,785184.0,522.0,12558.0,0.0,0.09256512347127156,4690914.0,2425909.0,2334421.0,22.0
2021-09-13,0.09890529086370509,0.0853367011842056,0.12742911755336095,785387.0,203.0,12560.0,2.0,0.10170895426717647,0.0,0.0,0.0,0.0
2021-09-14,0.09890529086370509,0.0853367011842056,0.12742911755336095,786153.0,766.0,12562.0,2.0,0.10170895426717647,0.0,0.0,0.0,0.0
2021-09-15,0.09890529086370509,0.0853367011842056,0.12742911755336095,787184.0,1031.0,12566.0,4.0,0.10170895426717647,0.0,0.0,0.0,0.0
2021-09-16,0.09890529086370509,0.0853367011842056,0.12742911755336095,787646.0,462.0,12566.0,0.0,0.10170895426717647,0.0,0.0,0.0,0.0
2021-09-17,0.09890529086370509,0.0853367011842056,0.12742911755336095,788941.0,1295.0,12569.0,3.0,0.10170895426717647,0.0,0.0,0.0,0.0
2021-09-18,0.09890529086370509,0.0853367011842056,0.12742911755336095,790041.0,1100.0,12569.0,0.0,0.10170895426717647,0.0,0.0,0.0,0.0
2021-09-19,0.09888495671673475,0.08531226341181605,0.12742911755336095,790957.0,916.0,12569.0,0.0,0.10169048188173019,4728118.0,2444947.0,2357264.0,30.0
2021-09-20,0.10252476902442456,0.08531226341181605,0.12742911755336095,791268.0,311.0,12573.0,4.0,0.10457217401134869,0.0,0.0,0.0,0.0
2021-09-21,0.10252476902442456,0.08531226341181605,0.12742911755336095,792516.0,1248.0,12580.0,7.0,0.10457217401134869,0.0,0.0,0.0,0.0
2021-09-22,0.10252476902442456,0.08531226341181605,0.12742911755336095,794018.0,1502.0,12589.0,9.0,0.10457217401134869,0.0,0.0,0.0,0.0
2021-09-23,0.10252476902442456,0.08531226341181605,0.12742911755336095,795286.0,1268.0,12592.0,3.0,0.10457217401134869,0.0,0.0,0.0,0.0
2021-09-24,0.10252476902442456,0.08531226341181605,0.12742911755336095,796411.0,1125.0,12594.0,2.0,0.10457217401134869,0.0,0.0,0.0,0.0
2021-09-25,0.10252476902442456,0.08531226341181605,0.12742911755336095,797808.0,1397.0,12596.0,2.0,0.10457217401134869,0.0,0.0,0.0,0.0
2021-09-26,0.10250443487745421,0.08528782563942654,0.12742911755336095,798722.0,914.0,12596.0,0.0,0.10457217401134869,4758401.0,2461655.0,2375757.0,54.0
2021-09-27,0.10250443487745421,0.08528782563942654,0.12742911755336095,799121.0,399.0,12596.0,0.0,0.10457217401134869,0.0,0.0,0.0,0.0
2021-09-28,0.10250443487745421,0.08528782563942654,0.12742911755336095,800730.0,1609.0,12606.0,10.0,0.10457217401134869,0.0,0.0,0.0,0.0
2021-09-29,0.10250443487745421,0.08528782563942654,0.12742911755336095,802589.0,1859.0,12620.0,14.0,0.10457217401134869,0.0,0.0,0.0,0.0
2021-09-30,0.10250443487745421,0.08528782563942654,0.12742911755336095,804372.0,1783.0,12637.0,17.0,0.10457217401134869,0.0,0.0,0.0,0.0
2021-10-01,0.10250443487745421,0.08528782563942654,0.12742911755336095,805983.0,1611.0,12649.0,12.0,0.10457217401134869,0.0,0.0,0.0,0.0
2021-10-02,0.10250443487745421,0.08528782563942654,0.12742911755336095,807709.0,1726.0,12649.0,0.0,0.10457217401134869,0.0,0.0,0.0,0.0
2021-10-03,0.10248410073048389,0.08526338786703704,0.12742911755336095,808960.0,1251.0,12668.0,19.0,0.10457217401134869,4784375.0,2475811.0,2391301.0,103.0
2021-10-04,0.09886462256976442,0.08186653750489367,0.12742911755336095,809552.0,592.0,12676.0,8.0,0.10169048188173019,0.0,0.0,0.0,0.0
2021-10-05,0.09886462256976442,0.08186653750489367,0.12742911755336095,811438.0,1886.0,12690.0,14.0,0.10169048188173019,0.0,0.0,0.0,0.0
2021-10-06,0.09886462256976442,0.08186653750489367,0.12742911755336095,813926.0,2488.0,12697.0,7.0,0.10169048188173019,0.0,0.0,0.0,0.0
2021-10-07,0.09886462256976442,0.08186653750489367,0.12742911755336095,815858.0,1932.0,12705.0,8.0,0.10169048188173019,0.0,0.0,0.0,0.0
2021-10-08,0.09886462256976442,0.08186653750489367,0.12742911755336095,818022.0,2164.0,12720.0,15.0,0.10169048188173019,0.0,0.0,0.0,0.0
2021-10-09,0.09886462256976442,0.08186653750489367,0.12742911755336095,820303.0,2281.0,12729.0,9.0,0.10169048188173019,0.0,0.0,0.0,0.0
2021-10-10,0.09884428842279408,0.08184209973250416,0.12742911755336095,821714.0,1411.0,12731.0,2.0,0.10167200949628391,4807782.0,2487399.0,2405331.0,661.0
2021-10-11,0.09884428842279408,0.08184209973250416,0.12742911755336095,822475.0,761.0,12735.0,4.0,0.10167200949628391,0.0,0.0,0.0,0.0
2021-10-12,0.09884428842279408,0.08184209973250416,0.12742911755336095,824687.0,2212.0,12752.0,17.0,0.10167200949628391,0.0,0.0,0.0,0.0
2021-10-13,0.09884428842279408,0.08184209973250416,0.12742911755336095,827648.0,2961.0,12772.0,20.0,0.10167200949628391,0.0,0.0,0.0,0.0
2021-10-14,0.09884428842279408,0.08184209973250416,0.12742911755336095,830031.0,2383.0,12791.0,19.0,0.10167200949628391,0.0,0.0,0.0,0.0
2021-10-15,0.09884428842279408,0.08184209973250416,0.12742911755336095,832457.0,2426.0,12816.0,25.0,0.10167200949628391,0.0,0.0,0.0,0.0
2021-10-16,0.09884428842279408,0.08184209973250416,0.12742911755336095,834975.0,2518.0,12816.0,0.0,0.10167200949628391,0.0,0.0,0.0,0.0
2021-10-17,0.09884428842279408,0.08181766196011463,0.12742911755336095,837146.0,2171.0,12846.0,30.0,0.10167200949628391,4850689.0,2498658.0,2421691.0,19100.0
2021-10-18,0.09884428842279408,0.08181766196011463,0.12742911755336095,838331.0,1185.0,12854.0,8.0,0.10167200949628391,0.0,0.0,0.0,0.0
2021-10-19,0.09158499795438481,0.06825469828393076,0.12742911755336095,841322.0,2991.0,12864.0,10.0,0.09589015285160062,0.0,0.0,0.0,0.0
2021-10-20,0.09158499795438481,0.06825469828393076,0.12742911755336095,845619.0,4297.0,12872.0,8.0,0.09589015285160062,0.0,0.0,0.0,0.0
2021-10-21,0.09158499795438481,0.06825469828393076,0.12742911755336095,849611.0,3992.0,12883.0,11.0,0.09589015285160062,0.0,0.0,0.0,0.0
2021-10-22,0.09158499795438481,0.06825469828393076,0.12742911755336095,854024.0,4413.0,12886.0,3.0,0.09589015285160062,0.0,0.0,0.0,0.0
2021-10-23,0.09158499795438481,0.06825469828393076,0.12742911755336095,858435.0,4411.0,12895.0,9.0,0.09589015285160062,0.0,0.0,0.0,0.0
2021-10-24,0.09156466380741449,0.06825469828393076,0.12742911755336095,862348.0,3913.0,12903.0,8.0,0.09587168046615434,4912919.0,2510935.0,2437137.0,57212.0
2021-10-25,0.09156466380741449,0.06825469828393076,0.12742911755336095,864213.0,1865.0,12917.0,14.0,0.09587168046615434,0.0,0.0,0.0,0.0
2021-10-26,0.09156466380741449,0.06825469828393076,0.12742911755336095,868738.0,4525.0,12935.0,18.0,0.09587168046615434,0.0,0.0,0.0,0.0
2021-10-27,0.09156466380741449,0.06825469828393076,0.12742911755336095,874816.0,6078.0,12957.0,22.0,0.09587168046615434,0.0,0.0,0.0,0.0
2021-10-28,0.09156466380741449,0.06825469828393076,0.12742911755336095,881087.0,6271.0,12977.0,20.0,0.09587168046615434,0.0,0.0,0.0,0.0
2021-10-29,0.09156466380741449,0.06825469828393076,0.12742911755336095,887197.0,6110.0,13000.0,23.0,0.09587168046615434,0.0,0.0,0.0,0.0
2021-10-30,0.09156466380741449,0.06825469828393076,0.12742911755336095,893866.0,6669.0,13018.0,18.0,0.09587168046615434,0.0,0.0,0.0,0.0
2021-10-31,0.09156466380741449,0.06823026051154124,0.12742911755336095,898926.0,5060.0,13034.0,16.0,0.09587168046615434,5007615.0,2525678.0,2451702.0,127523.0
2021-11-01,0.09156466380741449,0.06823026051154124,0.12742911755336095,902044.0,3118.0,13045.0,11.0,0.09587168046615434,0.0,0.0,0.0,0.0
2021-11-02,0.09156466380741449,0.06823026051154124,0.12742911755336095,905284.0,3240.0,13076.0,31.0,0.09587168046615434,0.0,0.0,0.0,0.0
2021-11-03,0.09156466380741449,0.06823026051154124,0.12742911755336095,913536.0,8252.0,13112.0,36.0,0.09587168046615434,0.0,0.0,0.0,0.0
2021-11-04,0.09156466380741449,0.06823026051154124,0.12742911755336095,922403.0,8867.0,13146.0,34.0,0.09587168046615434,0.0,0.0,0.0,0.0
2021-11-05,0.09156466380741449,0.06823026051154124,0.12742911755336095,931129.0,8726.0,13166.0,20.0,0.09587168046615434,0.0,0.0,0.0,0.0
2021-11-06,0.09156466380741449,0.06823026051154124,0.12742911755336095,939755.0,8626.0,13205.0,39.0,0.09587168046615434,0.0,0.0,0.0,0.0
2021-11-07,0.09154432966044415,0.06820582273915171,0.12742911755336095,946520.0,6765.0,13229.0,24.0,0.09585320808070806,5142849.0,2558088.0,2472656.0,220677.0
2021-11-08,0.09154432966044415,0.06820582273915171,0.12742911755336095,951417.0,4897.0,13269.0,40.0,0.09585320808070806,0.0,0.0,0.0,0.0
2021-11-09,0.09154432966044415,0.06820582273915171,0.12742911755336095,959699.0,8282.0,13314.0,45.0,0.09585320808070806,0.0,0.0,0.0,0.0
2021-11-10,0.09880362012885344,0.0817687864153356,0.12742911755336095,969099.0,9400.0,13367.0,53.0,0.10163506472539137,0.0,0.0,0.0,0.0
2021-11-11,0.09880362012885344,0.0817687864153356,0.12742911755336095,978203.0,9104.0,13405.0,38.0,0.10163506472539137,0.0,0.0,0.0,0.0
2021-11-12,0.09880362012885344,0.0817687864153356,0.12742911755336095,987623.0,9420.0,13446.0,41.0,0.10163506472539137,0.0,0.0,0.0,0.0
2021-11-13,0.09880362012885344,0.0817687864153356,0.12742911755336095,997514.0,9891.0,13485.0,39.0,0.10163506472539137,0.0,0.0,0.0,0.0
2021-11-14,0.09878328598188309,0.08174434864294608,0.12742911755336095,1005182.0,7668.0,13537.0,52.0,0.10161659233994509,5288595.0,2606657.0,2497073.0,308809.0
2021-11-15,0.09878328598188309,0.08174434864294608,0.12742911755336095,1010857.0,5675.0,13598.0,61.0,0.10161659233994509,0.0,0.0,0.0,0.0
2021-11-16,0.09878328598188309,0.08174434864294608,0.12742911755336095,1021273.0,10416.0,13644.0,46.0,0.10161659233994509,0.0,0.0,0.0,0.0
2021-11-17,0.09878328598188309,0.08174434864294608,0.12742911755336095,1032240.0,10967.0,13687.0,43.0,0.10161659233994509,0.0,0.0,0.0,0.0
2021-11-18,0.09878328598188309,0.08174434864294608,0.12742911755336095,1040996.0,8756.0,13725.0,38.0,0.10161659233994509,0.0,0.0,0.0,0.0
2021-11-19,0.09878328598188309,0.08174434864294608,0.12742911755336095,1051745.0,10749.0,13781.0,56.0,0.10161659233994509,0.0,0.0,0.0,0.0
2021-11-20,0.09758357131063339,0.08853804936723275,0.11150047785919083,1064680.0,12935.0,13818.0,37.0,0.09777433616712042,0.0,0.0,0.0,0.0
2021-11-21,0.09756323716366304,0.08848917382245373,0.11150047785919083,1074264.0,9584.0,13861.0,43.0,0.09775586378167414,5459313.0,2660040.0,2524992.0,416196.0
2021-11-22,0.09756323716366304,0.08848917382245373,0.11150047785919083,1081626.0,7362.0,13919.0,58.0,0.09775586378167414,0.0,0.0,0.0,0.0
2021-11-23,0.09756323716366304,0.08848917382245373,0.11150047785919083,1092704.0,11078.0,13985.0,66.0,0.09775586378167414,0.0,0.0,0.0,0.0
2021-11-24,0.09756323716366304,0.08848917382245373,0.11150047785919083,1105970.0,13266.0,14056.0,71.0,0.09775586378167414,0.0,0.0,0.0,0.0
2021-11-25,0.1270477502706475,0.13118196218694603,0.11150047785919083,1119111.0,13141.0,14107.0,51.0,0.12119732091299396,0.0,0.0,0.0,0.0
2021-11-26,0.1270477502706475,0.13118196218694603,0.11150047785919083,1131206.0,12095.0,14177.0,70.0,0.12119732091299396,0.0,0.0,0.0,0.0
2021-11-27,0.1270477502706475,0.13118196218694603,0.11150047785919083,1143068.0,11862.0,14228.0,51.0,0.12119732091299396,0.0,0.0,0.0,0.0
2021-11-28,0.12700708197670685,0.13108421109738796,0.11150047785919083,1152125.0,9057.0,14274.0,46.0,0.12116037614210143,5612742.0,2689079.0,2542298.0,530404.0
2021-11-29,0.13184660895564634,0.14015062465390007,0.11150047785919083,1159767.0,7642.0,14341.0,67.0,0.12500263231492612,0.0,0.0,0.0,0.0
2021-11-30,0.13184660895564634,0.14015062465390007,0.11150047785919083,1170200.0,10433.0,14418.0,77.0,0.12500263231492612,0.0,0.0,0.0,0.0
2021-12-01,0.13184660895564634,0.14015062465390007,0.11150047785919083,1182562.0,12362.0,14503.0,85.0,0.12500263231492612,0.0,0.0,0.0,0.0
2021-12-02,0.13184660895564634,0.14015062465390007,0.11150047785919083,1192439.0,9877.0,14606.0,103.0,0.12500263231492612,0.0,0.0,0.0,0.0
2021-12-03,0.13184660895564634,0.14015062465390007,0.11150047785919083,1209977.0,17538.0,14696.0,90.0,0.12500263231492612,0.0,0.0,0.0,0.0
2021-12-04,0.13184660895564634,0.14015062465390007,0.11150047785919083,1221771.0,11794.0,14771.0,75.0,0.12500263231492612,0.0,0.0,0.0,0.0
2021-12-05,0.13178560651473534,0.14002843579195245,0.11150047785919083,1230343.0,8572.0,14826.0,55.0,0.12494721515858727,5798073.0,2711878.0,2564960.0,674438.0
2021-12-06,0.13178560651473534,0.14002843579195245,0.11150047785919083,1234982.0,4639.0,14900.0,74.0,0.12494721515858727,0.0,0.0,0.0,0.0
2021-12-07,0.13662513349367483,0.14002843579195245,0.11150047785919083,1244362.0,9380.0,15004.0,104.0,0.12880794371685822,0.0,0.0,0.0,0.0
2021-12-08,0.13662513349367483,0.14002843579195245,0.11150047785919083,1255086.0,10724.0,15095.0,91.0,0.12880794371685822,0.0,0.0,0.0,0.0
2021-12-09,0.13662513349367483,0.14002843579195245,0.11150047785919083,1265056.0,9970.0,15179.0,84.0,0.12880794371685822,0.0,0.0,0.0,0.0
2021-12-10,0.13662513349367483,0.14002843579195245,0.11150047785919083,1272991.0,7935.0,15236.0,57.0,0.12880794371685822,0.0,0.0,0.0,0.0
2021-12-11,0.13662513349367483,0.14002843579195245,0.11150047785919083,1280370.0,7379.0,15304.0,68.0,0.12880794371685822,0.0,0.0,0.0,0.0
2021-12-12,0.13654379690579355,0.1398573713852258,0.11150047785919083,1286336.0,5966.0,15354.0,50.0,0.12873405417507314,6036841.0,2733293.0,2595525.0,863651.0
2021-12-13,0.13654379690579355,0.1398573713852258,0.11150047785919083,1289252.0,2916.0,15415.0,61.0,0.12873405417507314,0.0,0.0,0.0,0.0
2021-12-14,0.1316839357798837,0.1398573713852258,0.11150047785919083,1295909.0,6657.0,15516.0,101.0,0.12487332561680219,0.0,0.0,0.0,0.0
2021-12-15,0.1316839357798837,0.1398573713852258,0.11150047785919083,1302459.0,6550.0,15621.0,105.0,0.12487332561680219,0.0,0.0,0.0,0.0
2021-12-16,0.1316839357798837,0.1398573713852258,0.11150047785919083,1310588.0,8129.0,15730.0,109.0,0.12487332561680219,0.0,0.0,0.0,0.0
2021-12-17,0.1316839357798837,0.1398573713852258,0.11150047785919083,1316172.0,5584.0,15843.0,113.0,0.12487332561680219,0.0,0.0,0.0,0.0
2021-12-18,0.1316839357798837,0.1398573713852258,0.11150047785919083,1321091.0,4919.0,15931.0,88.0,0.12487332561680219,0.0,0.0,0.0,0.0
2021-12-19,0.13162293333897268,0.1397351825232782,0.11150047785919083,1325153.0,4062.0,16014.0,83.0,0.12483638084590963,6172868.0,2743571.0,2616811.0,968995.0
2021-12-20,0.13162293333897268,0.1397351825232782,0.11150047785919083,1327031.0,1878.0,16068.0,54.0,0.12483638084590963,0.0,0.0,0.0,0.0
2021-12-21,0.13162293333897268,0.1397351825232782,0.11150047785919083,1332198.0,5167.0,16129.0,61.0,0.12483638084590963,0.0,0.0,0.0,0.0
2021-12-22,0.13162293333897268,0.1397351825232782,0.11150047785919083,1334906.0,2708.0,16198.0,69.0,0.12483638084590963,0.0,0.0,0.0,0.0
2021-12-23,0.13162293333897268,0.1397351825232782,0.11150047785919083,1342324.0,7418.0,16239.0,41.0,0.12483638084590963,0.0,0.0,0.0,0.0
2021-12-24,0.13162293333897268,0.1397351825232782,0.11150047785919083,1347874.0,5550.0,16290.0,51.0,0.12483638084590963,0.0,0.0,0.0,0.0
2021-12-25,0.13162293333897268,0.1397351825232782,0.11150047785919083,1349146.0,1272.0,16336.0,46.0,0.12483638084590963,0.0,0.0,0.0,0.0
2021-12-26,0.13156193089806167,0.13963743143372015,0.11150047785919083,1349806.0,660.0,16398.0,62.0,0.12478096368957081,6321365.0,2752348.0,2637352.0,1088642.0
2021-12-27,0.13156193089806167,0.13963743143372015,0.11150047785919083,1351450.0,1644.0,16445.0,47.0,0.12478096368957081,0.0,0.0,0.0,0.0
2021-12-28,0.13156193089806167,0.13963743143372015,0.11150047785919083,1357165.0,5715.0,16486.0,41.0,0.12478096368957081,0.0,0.0,0.0,0.0
2021-12-29,0.13156193089806167,0.13963743143372015,0.11150047785919083,1363478.0,6313.0,16554.0,68.0,0.12478096368957081,0.0,0.0,0.0,0.0
2021-12-30,0.12007313785982289,0.1362405810715768,0.11150047785919083,1367361.0,3883.0,16598.0,44.0,0.1156556052791122,0.0,0.0,0.0,0.0
2021-12-31,0.12007313785982289,0.1362405810715768,0.11150047785919083,1371082.0,3721.0,16635.0,37.0,0.1156556052791122,0.0,0.0,0.0,0.0
2022-01-01,0.12007313785982289,0.1362405810715768,0.11150047785919083,1374354.0,3272.0,16665.0,30.0,0.1156556052791122,0.0,0.0,0.0,0.0
2022-01-02,0.11281384739141362,0.12262874185061387,0.11150047785919083,1374850.0,496.0,16701.0,36.0,0.1098737486344289,6507735.0,2768850.0,2661366.0,1235889.0
2022-01-03,0.11281384739141362,0.12262874185061387,0.11150047785919083,1376559.0,1709.0,16740.0,39.0,0.1098737486344289,0.0,0.0,0.0,0.0
2022-01-04,0.11281384739141362,0.12262874185061387,0.11150047785919083,1381175.0,4616.0,16788.0,48.0,0.1098737486344289,0.0,0.0,0.0,0.0
2022-01-05,0.11281384739141362,0.12262874185061387,0.11150047785919083,1385760.0,4585.0,16824.0,36.0,0.1098737486344289,0.0,0.0,0.0,0.0
2022-01-06,0.11281384739141362,0.12262874185061387,0.11150047785919083,1389546.0,3786.0,16871.0,47.0,0.1098737486344289,0.0,0.0,0.0,0.0
2022-01-07,0.11281384739141362,0.12262874185061387,0.11150047785919083,1391061.0,1515.0,16896.0,25.0,0.1098737486344289,0.0,0.0,0.0,0.0
2022-01-08,0.11281384739141362,0.12262874185061387,0.11150047785919083,1394685.0,3624.0,16933.0,37.0,0.1098737486344289,0.0,0.0,0.0,0.0
2022-01-09,0.11271217665656195,0.12245767744388722,0.11150047785919083,1397257.0,2572.0,16962.0,29.0,0.10979985909264382,6680481.0,2785151.0,2685503.0,1369914.0
2022-01-10,0.1102924131670922,0.11793668955182592,0.11150047785919083,1398557.0,1300.0,16989.0,27.0,0.10787873100623147,0.0,0.0,0.0,0.0
2022-01-11,0.1102924131670922,0.11793668955182592,0.11150047785919083,1401959.0,3402.0,17039.0,50.0,0.10787873100623147,0.0,0.0,0.0,0.0
2022-01-12,0.1102924131670922,0.11793668955182592,0.11150047785919083,1405854.0,3895.0,17081.0,42.0,0.10787873100623147,0.0,0.0,0.0,0.0
2022-01-13,0.1102924131670922,0.11793668955182592,0.11150047785919083,1409365.0,3511.0,17128.0,47.0,0.10787873100623147,0.0,0.0,0.0,0.0
2022-01-14,0.1102924131670922,0.11793668955182592,0.11150047785919083,1411568.0,2203.0,17188.0,60.0,0.10787873100623147,0.0,0.0,0.0,0.0
2022-01-15,0.1102924131670922,0.11793668955182592,0.11150047785919083,1414154.0,2586.0,17252.0,64.0,0.10787873100623147,0.0,0.0,0.0,0.0
2022-01-16,0.11025174487315152,0.11783893846226785,0.11150047785919083,1417687.0,3533.0,17300.0,48.0,0.10784178623533894,6810692.0,2798238.0,2698995.0,1474660.0
2022-01-17,0.11025174487315152,0.11783893846226785,0.11150047785919083,1419379.0,1692.0,17352.0,52.0,0.10784178623533894,0.0,0.0,0.0,0.0
2022-01-18,0.11206148395351127,0.1121693752678991,0.11150047785919083,1421125.0,1746.0,17398.0,46.0,0.10928263230014817,0.0,0.0,0.0,0.0
2022-01-19,0.11206148395351127,0.1121693752678991,0.11150047785919083,1431770.0,10645.0,17459.0,61.0,0.10928263230014817,0.0,0.0,0.0,0.0
2022-01-20,0.11206148395351127,0.1121693752678991,0.11150047785919083,1438877.0,7107.0,17520.0,61.0,0.10928263230014817,0.0,0.0,0.0,0.0
2022-01-21,0.11206148395351127,0.1121693752678991,0.11150047785919083,1447067.0,8190.0,17577.0,57.0,0.10928263230014817,0.0,0.0,0.0,0.0
2022-01-22,0.11206148395351127,0.1121693752678991,0.11150047785919083,1454621.0,7554.0,17612.0,35.0,0.10928263230014817,0.0,0.0,0.0,0.0
2022-01-23,0.11200048151260025,0.112071624178341,0.11150047785919083,1462998.0,8377.0,17643.0,31.0,0.10922721514380937,6906660.0,2807899.0,2713829.0,1546797.0
2022-01-24,0.10956038387616017,0.1075261985138902,0.11150047785919083,1464277.0,1279.0,17675.0,32.0,0.10730608705739704,0.0,0.0,0.0,0.0
2022-01-25,0.10956038387616017,0.1075261985138902,0.11150047785919083,1478543.0,14266.0,17698.0,23.0,0.10730608705739704,0.0,0.0,0.0,0.0
2022-01-26,0.10956038387616017,0.1075261985138902,0.11150047785919083,1494945.0,16402.0,17725.0,27.0,0.10730608705739704,0.0,0.0,0.0,0.0
2022-01-27,0.10956038387616017,0.1075261985138902,0.11150047785919083,1512072.0,17127.0,17755.0,30.0,0.10730608705739704,0.0,0.0,0.0,0.0
2022-01-28,0.10956038387616017,0.1075261985138902,0.11150047785919083,1529099.0,17027.0,17779.0,24.0,0.10730608705739704,0.0,0.0,0.0,0.0
2022-01-29,0.10956038387616017,0.1075261985138902,0.11150047785919083,1546907.0,17808.0,17796.0,17.0,0.10730608705739704,0.0,0.0,0.0,0.0
2022-01-30,0.10954004972918982,0.10745288519672164,0.11150047785919083,1562107.0,15200.0,17817.0,21.0,0.10726914228650448,6955602.0,2812429.0,2726924.0,1578535.0
2022-01-31,0.10954004972918982,0.10745288519672164,0.11150047785919083,1569299.0,7192.0,17830.0,13.0,0.10726914228650448,0.0,0.0,0.0,0.0
2022-02-01,0.10954004972918982,0.10745288519672164,0.11150047785919083,1593001.0,23702.0,17850.0,20.0,0.10726914228650448,0.0,0.0,0.0,0.0
2022-02-02,0.10954004972918982,0.10745288519672164,0.11150047785919083,1617288.0,24287.0,17877.0,27.0,0.10726914228650448,0.0,0.0,0.0,0.0
2022-02-03,0.10954004972918982,0.10745288519672164,0.11150047785919083,1639953.0,22665.0,17896.0,19.0,0.10726914228650448,0.0,0.0,0.0,0.0
2022-02-04,0.10954004972918982,0.10745288519672164,0.11150047785919083,1660336.0,20383.0,17921.0,25.0,0.10726914228650448,0.0,0.0,0.0,0.0
2022-02-05,0.10712028623972009,0.10293189730466033,0.11150047785919083,1686936.0,26600.0,17938.0,17.0,0.10534801420009213,0.0,0.0,0.0,0.0
2022-02-06,0.10709995209274974,0.10290745953227083,0.11150047785919083,1705482.0,18546.0,17958.0,20.0,0.10532954181464588,6987445.0,2815132.0,2738058.0,1596759.0
2022-02-07,0.10709995209274974,0.10290745953227083,0.11150047785919083,1718369.0,12887.0,17973.0,15.0,0.10532954181464588,0.0,0.0,0.0,0.0
2022-02-08,0.10709995209274974,0.10290745953227083,0.11150047785919083,1743941.0,25572.0,17995.0,22.0,0.10532954181464588,0.0,0.0,0.0,0.0
2022-02-09,0.10709995209274974,0.10290745953227083,0.11150047785919083,1765914.0,21973.0,18014.0,19.0,0.10532954181464588,0.0,0.0,0.0,0.0
2022-02-10,0.10709995209274974,0.10290745953227083,0.11150047785919083,1794150.0,28236.0,18040.0,26.0,0.10532954181464588,0.0,0.0,0.0,0.0
2022-02-11,0.10709995209274974,0.10290745953227083,0.11150047785919083,1818532.0,24382.0,18064.0,24.0,0.10532954181464588,0.0,0.0,0.0,0.0
2022-02-12,0.10709995209274974,0.10290745953227083,0.11150047785919083,1841934.0,23402.0,18081.0,17.0,0.10532954181464588,0.0,0.0,0.0,0.0
2022-02-13,0.1070796179457794,0.1028830217598813,0.11150047785919083,1858190.0,16256.0,18095.0,14.0,0.1053110694291996,7009432.0,2816638.0,2746128.0,1609290.0
2022-02-14,0.1070796179457794,0.1028830217598813,0.11150047785919083,1870119.0,11929.0,18105.0,10.0,0.1053110694291996,0.0,0.0,0.0,0.0
2022-02-15,0.1070796179457794,0.1028830217598813,0.11150047785919083,1891646.0,21527.0,18123.0,18.0,0.1053110694291996,0.0,0.0,0.0,0.0
2022-02-16,0.1070796179457794,0.1028830217598813,0.11150047785919083,1920150.0,28504.0,18145.0,22.0,0.1053110694291996,0.0,0.0,0.0,0.0
2022-02-17,0.1070796179457794,0.1028830217598813,0.11150047785919083,1943101.0,22951.0,18179.0,34.0,0.1053110694291996,0.0,0.0,0.0,0.0
2022-02-18,0.1070796179457794,0.1028830217598813,0.11150047785919083,1964411.0,21310.0,18201.0,22.0,0.1053110694291996,0.0,0.0,0.0,0.0
2022-02-19,0.1070796179457794,0.1028830217598813,0.11150047785919083,1985859.0,21448.0,18225.0,24.0,0.1053110694291996,0.0,0.0,0.0,0.0
2022-02-20,0.10705928379880905,0.10285858398749179,0.11150047785919083,2000643.0,14784.0,18240.0,15.0,0.1053110694291996,7023268.0,2817571.0,2751319.0,1617068.0
2022-02-21,0.10705928379880905,0.10285858398749179,0.11150047785919083,2010065.0,9422.0,18252.0,12.0,0.1053110694291996,0.0,0.0,0.0,0.0
2022-02-22,0.10705928379880905,0.10285858398749179,0.11150047785919083,2025646.0,15581.0,18279.0,27.0,0.1053110694291996,0.0,0.0,0.0,0.0
2022-02-23,0.10221975681986957,0.09379217043097969,0.11150047785919083,2052260.0,26614.0,18314.0,35.0,0.10145034087092863,0.0,0.0,0.0,0.0
2022-02-24,0.10221975681986957,0.09379217043097969,0.11150047785919083,2071372.0,19112.0,18338.0,24.0,0.10145034087092863,0.0,0.0,0.0,0.0
2022-02-25,0.10221975681986957,0.09379217043097969,0.11150047785919083,2083963.0,12591.0,18375.0,37.0,0.10145034087092863,0.0,0.0,0.0,0.0
2022-02-26,0.10221975681986957,0.09379217043097969,0.11150047785919083,2102420.0,18457.0,18413.0,38.0,0.10145034087092863,0.0,0.0,0.0,0.0
2022-02-27,0.10221975681986957,0.09379217043097969,0.11150047785919083,2112272.0,9852.0,18453.0,40.0,0.10145034087092863,7030763.0,2818096.0,2754065.0,1621332.0
2022-02-28,0.10221975681986957,0.09379217043097969,0.11150047785919083,2119358.0,7086.0,18485.0,32.0,0.10145034087092863,0.0,0.0,0.0,0.0
2022-03-01,0.10221975681986957,0.09379217043097969,0.11150047785919083,2134795.0,15437.0,18530.0,45.0,0.10145034087092863,0.0,0.0,0.0,0.0
2022-03-02,0.10221975681986957,0.09379217043097969,0.11150047785919083,2150666.0,15871.0,18567.0,37.0,0.10145034087092863,0.0,0.0,0.0,0.0
2022-03-03,0.10221975681986957,0.09379217043097969,0.11150047785919083,2164751.0,14085.0,18611.0,44.0,0.10145034087092863,0.0,0.0,0.0,0.0
2022-03-04,0.10221975681986957,0.09379217043097969,0.11150047785919083,2178234.0,13483.0,18631.0,20.0,0.10145034087092863,0.0,0.0,0.0,0.0
2022-03-05,0.10221975681986957,0.09379217043097969,0.11150047785919083,2190599.0,12365.0,18663.0,32.0,0.10145034087092863,0.0,0.0,0.0,0.0
2022-03-06,0.10221975681986957,0.09379217043097969,0.11150047785919083,2197979.0,7380.0,18687.0,24.0,0.10145034087092863,7037211.0,2818588.0,2756079.0,1625306.0
2022-03-07,0.10221975681986957,0.09379217043097969,0.11150047785919083,2203141.0,5162.0,18704.0,17.0,0.10145034087092863,0.0,0.0,0.0,0.0
2022-03-08,0.10221975681986957,0.09379217043097969,0.11150047785919083,2216994.0,13853.0,18750.0,46.0,0.10145034087092863,0.0,0.0,0.0,0.0
2022-03-09,0.10221975681986957,0.09379217043097969,0.11150047785919083,2231352.0,14358.0,18786.0,36.0,0.10145034087092863,0.0,0.0,0.0,0.0
2022-03-10,0.10221975681986957,0.09379217043097969,0.11150047785919083,2246029.0,14677.0,18817.0,31.0,0.10145034087092863,0.0,0.0,0.0,0.0
2022-03-11,0.10221975681986957,0.09379217043097969,0.11150047785919083,2258399.0,12370.0,18847.0,30.0,0.10145034087092863,0.0,0.0,0.0,0.0
2022-03-12,0.10221975681986957,0.09379217043097969,0.11150047785919083,2269610.0,11211.0,18881.0,34.0,0.10145034087092863,0.0,0.0,0.0,0.0
2022-03-13,0.10221975681986957,0.09376773265859015,0.11150047785919083,2278164.0,8554.0,18918.0,37.0,0.10145034087092863,7042742.0,2819236.0,2757511.0,1628809.0
2022-03-14,0.07682240725392225,0.04633401645053087,0.11150047785919083,2282747.0,4583.0,18950.0,32.0,0.08127849596359905,0.0,0.0,0.0,0.0
2022-03-15,0.07682240725392225,0.04633401645053087,0.11150047785919083,2295377.0,12630.0,18979.0,29.0,0.08127849596359905,0.0,0.0,0.0,0.0
2022-03-16,0.07682240725392225,0.04633401645053087,0.11150047785919083,2309029.0,13652.0,19009.0,30.0,0.08127849596359905,0.0,0.0,0.0,0.0
2022-03-17,0.07682240725392225,0.04633401645053087,0.11150047785919083,2322231.0,13202.0,19040.0,31.0,0.08127849596359905,0.0,0.0,0.0,0.0
2022-03-18,0.07682240725392225,0.04633401645053087,0.11150047785919083,2333162.0,10931.0,19073.0,33.0,0.08127849596359905,0.0,0.0,0.0,0.0
2022-03-19,0.07682240725392225,0.04633401645053087,0.11150047785919083,2344057.0,10895.0,19093.0,20.0,0.08127849596359905,0.0,0.0,0.0,0.0
2022-03-20,0.07682240725392225,0.04633401645053087,0.11150047785919083,2351701.0,7644.0,19110.0,17.0,0.08127849596359905,7047469.0,2819721.0,2758476.0,1632105.0
2022-03-21,0.07682240725392225,0.04633401645053087,0.11150047785919083,2355564.0,3863.0,19133.0,23.0,0.08127849596359905,0.0,0.0,0.0,0.0
2022-03-22,0.07682240725392225,0.04633401645053087,0.11150047785919083,2366902.0,11338.0,19161.0,28.0,0.08127849596359905,0.0,0.0,0.0,0.0
2022-03-23,0.07682240725392225,0.04633401645053087,0.11150047785919083,2379094.0,12192.0,19185.0,24.0,0.08127849596359905,0.0,0.0,0.0,0.0
2022-03-24,0.07682240725392225,0.04633401645053087,0.11150047785919083,2390390.0,11296.0,19209.0,24.0,0.08127849596359905,0.0,0.0,0.0,0.0
2022-03-25,0.07682240725392225,0.04633401645053087,0.11150047785919083,2399832.0,9442.0,19229.0,20.0,0.08127849596359905,0.0,0.0,0.0,0.0
2022-03-26,0.07682240725392225,0.04633401645053087,0.11150047785919083,2408571.0,8739.0,19251.0,22.0,0.08127849596359905,0.0,0.0,0.0,0.0
2022-03-27,0.07682240725392225,0.04633401645053087,0.11150047785919083,2414805.0,6234.0,19270.0,19.0,0.08127849596359905,7051694.0,2820215.0,2759274.0,1635081.0
2022-03-28,0.07682240725392225,0.04633401645053087,0.11150047785919083,2418385.0,3580.0,19292.0,22.0,0.08127849596359905,0.0,0.0,0.0,0.0
2022-03-29,0.07682240725392225,0.04633401645053087,0.11150047785919083,2426662.0,8277.0,19311.0,19.0,0.08127849596359905,0.0,0.0,0.0,0.0
2022-03-30,0.07682240725392225,0.04633401645053087,0.11150047785919083,2434708.0,8046.0,19334.0,23.0,0.08127849596359905,0.0,0.0,0.0,0.0
2022-03-31,0.07682240725392225,0.04633401645053087,0.11150047785919083,2443137.0,8429.0,19352.0,18.0,0.08127849596359905,0.0,0.0,0.0,0.0
2022-04-01,0.07682240725392225,0.04633401645053087,0.11150047785919083,2450101.0,6964.0,19368.0,16.0,0.08127849596359905,0.0,0.0,0.0,0.0
2022-04-02,0.07682240725392225,0.04633401645053087,0.11150047785919083,2456636.0,6535.0,19392.0,24.0,0.08127849596359905,0.0,0.0,0.0,0.0
2022-04-03,0.07682240725392225,0.04633401645053087,0.11150047785919083,2460197.0,3561.0,19417.0,25.0,0.08127849596359905,7055167.0,2820546.0,2759999.0,1637523.0
2022-04-04,0.07682240725392225,0.04633401645053087,0.11150047785919083,2462300.0,2103.0,19440.0,23.0,0.08127849596359905,0.0,0.0,0.0,0.0
2022-04-05,0.07682240725392225,0.04633401645053087,0.11150047785919083,2468812.0,6512.0,19462.0,22.0,0.08127849596359905,0.0,0.0,0.0,0.0
2022-04-06,0.07141352415981338,0.036192340908879864,0.11150047785919083,2474869.0,6057.0,19482.0,20.0,0.07697443015461757,0.0,0.0,0.0,0.0
2022-04-07,0.07141352415981338,0.036192340908879864,0.11150047785919083,2480132.0,5263.0,19500.0,18.0,0.07697443015461757,0.0,0.0,0.0,0.0
2022-04-08,0.07141352415981338,0.036192340908879864,0.11150047785919083,2484354.0,4222.0,19523.0,23.0,0.07697443015461757,0.0,0.0,0.0,0.0
2022-04-09,0.07141352415981338,0.036192340908879864,0.11150047785919083,2488243.0,3889.0,19549.0,26.0,0.07697443015461757,0.0,0.0,0.0,0.0
2022-04-10,0.07141352415981338,0.036192340908879864,0.11150047785919083,2490661.0,2418.0,19573.0,24.0,0.07697443015461757,7057317.0,2820775.0,2760393.0,1639070.0
2022-04-11,0.07141352415981338,0.036192340908879864,0.11150047785919083,2491957.0,1296.0,19595.0,22.0,0.07697443015461757,0.0,0.0,0.0,0.0
2022-04-12,0.07141352415981338,0.036192340908879864,0.11150047785919083,2495855.0,3898.0,19618.0,23.0,0.07697443015461757,0.0,0.0,0.0,0.0
2022-04-13,0.07141352415981338,0.036192340908879864,0.11150047785919083,2498938.0,3083.0,19643.0,25.0,0.07697443015461757,0.0,0.0,0.0,0.0
2022-04-14,0.07141352415981338,0.036192340908879864,0.11150047785919083,2498938.0,0.0,19643.0,0.0,0.07697443015461757,0.0,0.0,0.0,0.0
2022-04-15,0.07141352415981338,0.036192340908879864,0.11150047785919083,2504931.0,5993.0,19697.0,54.0,0.07697443015461757,0.0,0.0,0.0,0.0
2022-04-16,0.07141352415981338,0.036192340908879864,0.11150047785919083,2505968.0,1037.0,19721.0,24.0,0.07697443015461757,0.0,0.0,0.0,0.0
2022-04-17,0.07141352415981338,0.036192340908879864,0.11150047785919083,2506879.0,911.0,19741.0,20.0,0.07697443015461757,7059450.0,2820975.0,2760934.0,1640478.0
2022-04-18,0.07141352415981338,0.036192340908879864,0.11150047785919083,2506879.0,0.0,19741.0,0.0,0.07697443015461757,0.0,0.0,0.0,0.0
2022-04-19,0.07141352415981338,0.036192340908879864,0.11150047785919083,2509184.0,2305.0,19773.0,32.0,0.07697443015461757,0.0,0.0,0.0,0.0
2022-04-20,0.07141352415981338,0.036192340908879864,0.11150047785919083,2508400.0,0.0,19790.0,17.0,0.07697443015461757,0.0,0.0,0.0,0.0
2022-04-21,0.0605144213837143,0.036192340908879864,0.11150047785919083,2514884.0,6484.0,19803.0,13.0,0.06831088138031574,0.0,0.0,0.0,0.0
2022-04-22,0.0605144213837143,0.036192340908879864,0.11150047785919083,2517571.0,2687.0,19817.0,14.0,0.06831088138031574,0.0,0.0,0.0,0.0
2022-04-23,0.0605144213837143,0.036192340908879864,0.11150047785919083,2519448.0,1877.0,19829.0,12.0,0.06831088138031574,0.0,0.0,0.0,0.0
2022-04-24,0.0605144213837143,0.036192340908879864,0.11150047785919083,2520706.0,1258.0,19839.0,10.0,0.06831088138031574,7061335.0,2821173.0,2761353.0,1641763.0
2022-04-25,0.0605144213837143,0.036192340908879864,0.11150047785919083,2521279.0,573.0,19852.0,13.0,0.06831088138031574,0.0,0.0,0.0,0.0
2022-04-26,0.0605144213837143,0.036192340908879864,0.11150047785919083,2523096.0,1817.0,19862.0,10.0,0.06831088138031574,0.0,0.0,0.0,0.0
2022-04-27,0.0605144213837143,0.036192340908879864,0.11150047785919083,2526855.0,3759.0,19873.0,11.0,0.06831088138031574,0.0,0.0,0.0,0.0
2022-04-28,0.0605144213837143,0.036192340908879864,0.11150047785919083,2528216.0,1361.0,19879.0,6.0,0.06831088138031574,0.0,0.0,0.0,0.0
2022-04-29,0.0605144213837143,0.036192340908879864,0.11150047785919083,2528216.0,0.0,19879.0,0.0,0.06831088138031574,0.0,0.0,0.0,0.0
2022-04-30,0.0605144213837143,0.036192340908879864,0.11150047785919083,2528216.0,0.0,19879.0,0.0,0.06831088138031574,0.0,0.0,0.0,0.0
2022-05-01,0.0605144213837143,0.036192340908879864,0.11150047785919083,2528216.0,0.0,19879.0,0.0,0.06831088138031574,7063115.0,2821375.0,2761748.0,1642971.0
2022-05-02,0.0605144213837143,0.036192340908879864,0.11150047785919083,2528216.0,0.0,19879.0,0.0,0.06831088138031574,0.0,0.0,0.0,0.0
2022-05-03,0.0605144213837143,0.036192340908879864,0.11150047785919083,2528216.0,0.0,19879.0,0.0,0.06831088138031574,0.0,0.0,0.0,0.0
2022-05-04,0.0605144213837143,0.036192340908879864,0.11150047785919083,2533654.0,5438.0,19943.0,64.0,0.06831088138031574,0.0,0.0,0.0,0.0
2022-05-05,0.0605144213837143,0.036192340908879864,0.11150047785919083,2534433.0,779.0,19952.0,9.0,0.06831088138031574,0.0,0.0,0.0,0.0
2022-05-06,0.0605144213837143,0.036192340908879864,0.11150047785919083,2535084.0,651.0,19961.0,9.0,0.06831088138031574,0.0,0.0,0.0,0.0
2022-05-07,0.0605144213837143,0.036192340908879864,0.11150047785919083,2535706.0,622.0,19968.0,7.0,0.06831088138031574,0.0,0.0,0.0,0.0
2022-05-08,0.0605144213837143,0.036192340908879864,0.11150047785919083,2536000.0,294.0,19978.0,10.0,0.06831088138031574,7064554.0,2821539.0,2762022.0,1643985.0
2022-05-09,0.0605144213837143,0.036192340908879864,0.11150047785919083,2536111.0,111.0,19984.0,6.0,0.06831088138031574,0.0,0.0,0.0,0.0
2022-05-10,0.05567489440477478,0.027150365124757273,0.11150047785919083,2536743.0,632.0,19994.0,10.0,0.06446862520749107,0.0,0.0,0.0,0.0
2022-05-11,0.05567489440477478,0.027150365124757273,0.11150047785919083,2537377.0,634.0,20002.0,8.0,0.06446862520749107,0.0,0.0,0.0,0.0
2022-05-12,0.05567489440477478,0.027150365124757273,0.11150047785919083,2537896.0,519.0,20011.0,9.0,0.06446862520749107,0.0,0.0,0.0,0.0
2022-05-13,0.05567489440477478,0.027150365124757273,0.11150047785919083,2538274.0,378.0,20018.0,7.0,0.06446862520749107,0.0,0.0,0.0,0.0
2022-05-14,0.05567489440477478,0.027150365124757273,0.11150047785919083,2538274.0,0.0,20018.0,0.0,0.06446862520749107,0.0,0.0,0.0,0.0
2022-05-15,0.05567489440477478,0.027150365124757273,0.11150047785919083,2538964.0,690.0,20041.0,23.0,0.06446862520749107,7065777.0,2821669.0,2762266.0,1644844.0
2022-05-16,0.05567489440477478,0.027150365124757273,0.11150047785919083,2539041.0,77.0,20050.0,9.0,0.06446862520749107,0.0,0.0,0.0,0.0
2022-05-17,0.05567489440477478,0.027150365124757273,0.11150047785919083,2539498.0,457.0,20062.0,12.0,0.06446862520749107,0.0,0.0,0.0,0.0
2022-05-18,0.05567489440477478,0.027150365124757273,0.11150047785919083,2539862.0,364.0,20069.0,7.0,0.06446862520749107,0.0,0.0,0.0,0.0
2022-05-19,0.05567489440477478,0.027150365124757273,0.11150047785919083,2539862.0,0.0,20069.0,0.0,0.06446862520749107,0.0,0.0,0.0,0.0
2022-05-20,0.05567489440477478,0.027150365124757273,0.11150047785919083,2540471.0,609.0,20075.0,6.0,0.06446862520749107,0.0,0.0,0.0,0.0
2022-05-21,0.05567489440477478,0.027150365124757273,0.11150047785919083,2540471.0,0.0,20075.0,0.0,0.06446862520749107,0.0,0.0,0.0,0.0
2022-05-22,0.05567489440477478,0.027150365124757273,0.11150047785919083,2540471.0,0.0,20075.0,0.0,0.06446862520749107,7067017.0,2821816.0,2762521.0,1645708.0
2022-05-23,0.05567489440477478,0.027150365124757273,0.11150047785919083,2540935.0,464.0,20081.0,6.0,0.06446862520749107,0.0,0.0,0.0,0.0
2022-05-24,0.05567489440477478,0.027150365124757273,0.11150047785919083,2541256.0,321.0,20083.0,2.0,0.06446862520749107,0.0,0.0,0.0,0.0
2022-05-25,0.05567489440477478,0.027150365124757273,0.11150047785919083,2541509.0,253.0,20088.0,5.0,0.06446862520749107,0.0,0.0,0.0,0.0
2022-05-26,0.05567489440477478,0.027150365124757273,0.11150047785919083,2541509.0,0.0,20088.0,0.0,0.06446862520749107,0.0,0.0,0.0,0.0
2022-05-27,0.05567489440477478,0.027150365124757273,0.11150047785919083,2541986.0,477.0,20093.0,5.0,0.06446862520749107,0.0,0.0,0.0,0.0
2022-05-28,0.05567489440477478,0.027150365124757273,0.11150047785919083,2542191.0,205.0,20096.0,3.0,0.06446862520749107,0.0,0.0,0.0,0.0
2022-05-29,0.05567489440477478,0.027150365124757273,0.11150047785919083,2542299.0,108.0,20097.0,1.0,0.06446862520749107,7067906.0,2821953.0,2762695.0,1646294.0
2022-05-30,0.05567489440477478,0.027150365124757273,0.11150047785919083,2542345.0,46.0,20098.0,1.0,0.06446862520749107,0.0,0.0,0.0,0.0
2022-05-31,0.05567489440477478,0.027150365124757273,0.11150047785919083,2542564.0,219.0,20100.0,2.0,0.06446862520749107,0.0,0.0,0.0,0.0
2022-06-01,0.05567489440477478,0.027150365124757273,0.11150047785919083,2542773.0,209.0,20100.0,0.0,0.06446862520749107,0.0,0.0,0.0,0.0
2022-06-02,0.05567489440477478,0.027150365124757273,0.11150047785919083,2542970.0,197.0,20101.0,1.0,0.06446862520749107,0.0,0.0,0.0,0.0
2022-06-03,0.05567489440477478,0.027150365124757273,0.11150047785919083,2543160.0,190.0,20103.0,2.0,0.06446862520749107,0.0,0.0,0.0,0.0
2022-06-04,0.05567489440477478,0.027150365124757273,0.11150047785919083,2543341.0,181.0,20104.0,1.0,0.06446862520749107,0.0,0.0,0.0,0.0
2022-06-05,0.05567489440477478,0.027150365124757273,0.11150047785919083,2543439.0,98.0,20104.0,0.0,0.06446862520749107,7068666.0,2822061.0,2762849.0,1646810.0
2022-06-06,0.05567489440477478,0.027150365124757273,0.11150047785919083,2543503.0,64.0,20104.0,0.0,0.06446862520749107,0.0,0.0,0.0,0.0
2022-06-07,0.05567489440477478,0.027150365124757273,0.11150047785919083,2543763.0,260.0,20105.0,1.0,0.06446862520749107,0.0,0.0,0.0,0.0
2022-06-08,0.05567489440477478,0.027150365124757273,0.11150047785919083,2543993.0,230.0,20107.0,2.0,0.06446862520749107,0.0,0.0,0.0,0.0
2022-06-09,0.05567489440477478,0.027150365124757273,0.11150047785919083,2544255.0,262.0,20109.0,2.0,0.06446862520749107,0.0,0.0,0.0,0.0
2022-06-10,0.05567489440477478,0.027150365124757273,0.11150047785919083,2544473.0,218.0,20112.0,3.0,0.06446862520749107,0.0,0.0,0.0,0.0
2022-06-11,0.05567489440477478,0.027150365124757273,0.11150047785919083,2544678.0,205.0,20114.0,2.0,0.06446862520749107,0.0,0.0,0.0,0.0
2022-06-12,0.05567489440477478,0.027150365124757273,0.11150047785919083,2544678.0,0.0,20114.0,0.0,0.06446862520749107,7069390.0,2822155.0,2763026.0,1647272.0
2022-06-13,0.05567489440477478,0.027150365124757273,0.11150047785919083,2544823.0,145.0,20116.0,2.0,0.06446862520749107,0.0,0.0,0.0,0.0
2022-06-14,0.05567489440477478,0.027150365124757273,0.11150047785919083,2545137.0,314.0,20119.0,3.0,0.06446862520749107,0.0,0.0,0.0,0.0
2022-06-15,0.05567489440477478,0.027150365124757273,0.11150047785919083,2545409.0,272.0,20119.0,0.0,0.06446862520749107,0.0,0.0,0.0,0.0
2022-06-16,0.05567489440477478,0.027150365124757273,0.11150047785919083,2545651.0,242.0,20122.0,3.0,0.06446862520749107,0.0,0.0,0.0,0.0
2022-06-17,0.05567489440477478,0.027150365124757273,0.11150047785919083,2545879.0,228.0,20126.0,4.0,0.06446862520749107,0.0,0.0,0.0,0.0
2022-06-18,0.05567489440477478,0.027150365124757273,0.11150047785919083,2546134.0,255.0,20130.0,4.0,0.06446862520749107,0.0,0.0,0.0,0.0
2022-06-19,0.05567489440477478,0.027150365124757273,0.11150047785919083,2546134.0,0.0,20130.0,0.0,0.06446862520749107,7070203.0,2822262.0,2763184.0,1647834.0
2022-06-20,0.05809465789424455,0.027150365124757273,0.11150047785919083,2546346.0,212.0,20137.0,7.0,0.0663897532939034,0.0,0.0,0.0,0.0
2022-06-21,0.05809465789424455,0.027150365124757273,0.11150047785919083,2546800.0,454.0,20137.0,0.0,0.0663897532939034,0.0,0.0,0.0,0.0
2022-06-22,0.05809465789424455,0.027150365124757273,0.11150047785919083,2547229.0,429.0,20140.0,3.0,0.0663897532939034,0.0,0.0,0.0,0.0
2022-06-23,0.05809465789424455,0.027150365124757273,0.11150047785919083,2547645.0,416.0,20142.0,2.0,0.0663897532939034,0.0,0.0,0.0,0.0
2022-06-24,0.05809465789424455,0.027150365124757273,0.11150047785919083,2548069.0,424.0,20142.0,0.0,0.0663897532939034,0.0,0.0,0.0,0.0
2022-06-25,0.05809465789424455,0.027150365124757273,0.11150047785919083,2548586.0,517.0,20142.0,0.0,0.0663897532939034,0.0,0.0,0.0,0.0
2022-06-26,0.05809465789424455,0.027150365124757273,0.11150047785919083,2548819.0,233.0,20142.0,0.0,0.0663897532939034,7071028.0,2822389.0,2763320.0,1648401.0
2022-06-27,0.05809465789424455,0.027150365124757273,0.11150047785919083,2548964.0,145.0,20142.0,0.0,0.0663897532939034,0.0,0.0,0.0,0.0
2022-06-28,0.05809465789424455,0.027150365124757273,0.11150047785919083,2549692.0,728.0,20144.0,2.0,0.0663897532939034,0.0,0.0,0.0,0.0
2022-06-29,0.05809465789424455,0.027150365124757273,0.11150047785919083,2550368.0,676.0,20146.0,2.0,0.0663897532939034,0.0,0.0,0.0,0.0
2022-06-30,0.05809465789424455,0.027150365124757273,0.11150047785919083,2551116.0,748.0,20147.0,1.0,0.0663897532939034,0.0,0.0,0.0,0.0
2022-07-01,0.05809465789424455,0.027150365124757273,0.11150047785919083,2551116.0,0.0,20147.0,0.0,0.0663897532939034,0.0,0.0,0.0,0.0
2022-07-02,0.05809465789424455,0.027150365124757273,0.11150047785919083,2551116.0,0.0,20147.0,0.0,0.0663897532939034,0.0,0.0,0.0,0.0
2022-07-03,0.05809465789424455,0.027150365124757273,0.11150047785919083,2551116.0,0.0,20147.0,0.0,0.0663897532939034,7071606.0,2822472.0,2763410.0,1648811.0
2022-07-04,0.05809465789424455,0.027150365124757273,0.11150047785919083,2551116.0,0.0,20147.0,0.0,0.0663897532939034,0.0,0.0,0.0,0.0
2022-07-05,0.05809465789424455,0.027150365124757273,0.11150047785919083,2551116.0,0.0,20147.0,0.0,0.0663897532939034,0.0,0.0,0.0,0.0
2022-07-06,0.05809465789424455,0.027150365124757273,0.11150047785919083,2554112.0,2996.0,20152.0,5.0,0.0663897532939034,0.0,0.0,0.0,0.0
2022-07-07,0.05809465789424455,0.027150365124757273,0.11150047785919083,2555080.0,968.0,20154.0,2.0,0.0663897532939034,0.0,0.0,0.0,0.0
2022-07-08,0.05809465789424455,0.027150365124757273,0.11150047785919083,2556052.0,972.0,20157.0,3.0,0.0663897532939034,0.0,0.0,0.0,0.0
2022-07-09,0.05809465789424455,0.027150365124757273,0.11150047785919083,2557202.0,1150.0,20159.0,2.0,0.0663897532939034,0.0,0.0,0.0,0.0
2022-07-10,0.05809465789424455,0.027150365124757273,0.11150047785919083,2557640.0,438.0,20160.0,1.0,0.0663897532939034,7072507.0,2822601.0,2763544.0,1649462.0
2022-07-11,0.05809465789424455,0.027150365124757273,0.11150047785919083,2557839.0,199.0,20160.0,0.0,0.0663897532939034,0.0,0.0,0.0,0.0
2022-07-12,0.05809465789424455,0.027150365124757273,0.11150047785919083,2559088.0,1249.0,20163.0,3.0,0.0663897532939034,0.0,0.0,0.0,0.0
2022-07-13,0.05809465789424455,0.027150365124757273,0.11150047785919083,2560261.0,1173.0,20166.0,3.0,0.0663897532939034,0.0,0.0,0.0,0.0
2022-07-14,0.05809465789424455,0.027150365124757273,0.11150047785919083,2561338.0,1077.0,20168.0,2.0,0.0663897532939034,0.0,0.0,0.0,0.0
2022-07-15,0.05809465789424455,0.027150365124757273,0.11150047785919083,2562431.0,1093.0,20169.0,1.0,0.0663897532939034,0.0,0.0,0.0,0.0
2022-07-16,0.05809465789424455,0.027150365124757273,0.11150047785919083,2563799.0,1368.0,20171.0,2.0,0.0663897532939034,0.0,0.0,0.0,0.0
2022-07-17,0.05809465789424455,0.027150365124757273,0.11150047785919083,2564393.0,594.0,20172.0,1.0,0.0663897532939034,7073551.0,2822760.0,2763692.0,1650214.0
2022-07-18,0.05809465789424455,0.027150365124757273,0.11150047785919083,2564633.0,240.0,20172.0,0.0,0.0663897532939034,0.0,0.0,0.0,0.0
2022-07-19,0.05809465789424455,0.027150365124757273,0.11150047785919083,2566215.0,1582.0,20176.0,4.0,0.0663897532939034,0.0,0.0,0.0,0.0
2022-07-20,0.05809465789424455,0.027150365124757273,0.11150047785919083,2567776.0,1561.0,20183.0,7.0,0.0663897532939034,0.0,0.0,0.0,0.0
2022-07-21,0.05809465789424455,0.027150365124757273,0.11150047785919083,2569210.0,1434.0,20188.0,5.0,0.0663897532939034,0.0,0.0,0.0,0.0
2022-07-22,0.05809465789424455,0.027150365124757273,0.11150047785919083,2570582.0,1372.0,20193.0,5.0,0.0663897532939034,0.0,0.0,0.0,0.0
2022-07-23,0.05809465789424455,0.027150365124757273,0.11150047785919083,2571985.0,1403.0,20195.0,2.0,0.0663897532939034,0.0,0.0,0.0,0.0
2022-07-24,0.05809465789424455,0.027150365124757273,0.11150047785919083,2572792.0,807.0,20197.0,2.0,0.0663897532939034,7074480.0,2822881.0,2763812.0,1650912.0
2022-07-25,0.05809465789424455,0.027150365124757273,0.11150047785919083,2573084.0,292.0,20198.0,1.0,0.0663897532939034,0.0,0.0,0.0,0.0
2022-07-26,0.05809465789424455,0.027150365124757273,0.11150047785919083,2574932.0,1848.0,20201.0,3.0,0.0663897532939034,0.0,0.0,0.0,0.0
2022-07-27,0.05809465789424455,0.027150365124757273,0.11150047785919083,2576509.0,1577.0,20206.0,5.0,0.0663897532939034,0.0,0.0,0.0,0.0
2022-07-28,0.05809465789424455,0.027150365124757273,0.11150047785919083,2577417.0,908.0,20212.0,6.0,0.0663897532939034,0.0,0.0,0.0,0.0
2022-07-29,0.05809465789424455,0.027150365124757273,0.11150047785919083,2578855.0,1438.0,20216.0,4.0,0.0663897532939034,0.0,0.0,0.0,0.0
2022-07-30,0.05809465789424455,0.027150365124757273,0.11150047785919083,2580451.0,1596.0,20219.0,3.0,0.0663897532939034,0.0,0.0,0.0,0.0
2022-07-31,0.05809465789424455,0.027150365124757273,0.11150047785919083,2581047.0,596.0,20223.0,4.0,0.0663897532939034,7074829.0,2822919.0,2763844.0,1651194.0
2022-08-01,0.05809465789424455,0.027150365124757273,0.11150047785919083,2581323.0,276.0,20227.0,4.0,0.0663897532939034,0.0,0.0,0.0,0.0
2022-08-02,0.05809465789424455,0.027150365124757273,0.11150047785919083,2582793.0,1470.0,20232.0,5.0,0.0663897532939034,0.0,0.0,0.0,0.0
2022-08-03,0.05809465789424455,0.027150365124757273,0.11150047785919083,2584276.0,1483.0,20236.0,4.0,0.0663897532939034,0.0,0.0,0.0,0.0
2022-08-04,0.05809465789424455,0.027150365124757273,0.11150047785919083,2580748.0,0.0,20236.0,0.0,0.0663897532939034,0.0,0.0,0.0,0.0
2022-08-05,0.05809465789424455,0.027150365124757273,0.11150047785919083,2580748.0,0.0,20236.0,0.0,0.0663897532939034,0.0,0.0,0.0,0.0
2022-08-06,0.05809465789424455,0.027150365124757273,0.11150047785919083,2580748.0,0.0,20236.0,0.0,0.0663897532939034,0.0,0.0,0.0,0.0
2022-08-07,0.05809465789424455,0.027150365124757273,0.11150047785919083,2580748.0,0.0,20236.0,0.0,0.0663897532939034,0.0,0.0,0.0,0.0
2022-08-08,0.05809465789424455,0.027150365124757273,0.11150047785919083,2580748.0,0.0,20236.0,0.0,0.0663897532939034,0.0,0.0,0.0,0.0
2022-08-09,0.0,0.0,0.0,2580748.0,0.0,20236.0,0.0,0.0663897532939034,0.0,0.0,0.0,0.0
2022-08-10,0.0,0.0,0.0,2580748.0,0.0,20236.0,0.0,0.0663897532939034,0.0,0.0,0.0,0.0
2022-08-11,0.0,0.0,0.0,2580748.0,0.0,20236.0,0.0,0.0663897532939034,0.0,0.0,0.0,0.0
2022-08-12,0.0,0.0,0.0,2580748.0,0.0,20236.0,0.0,0.0663897532939034,0.0,0.0,0.0,0.0
2022-08-13,0.0,0.0,0.0,2580748.0,0.0,20236.0,0.0,0.0663897532939034,0.0,0.0,0.0,0.0
2022-08-14,0.0,0.0,0.0,2580748.0,0.0,20236.0,0.0,0.0663897532939034,0.0,0.0,0.0,0.0
2022-08-15,0.0,0.0,0.0,2580748.0,0.0,20236.0,0.0,0.0663897532939034,0.0,0.0,0.0,0.0
2022-08-16,0.0,0.0,0.0,2580748.0,0.0,20236.0,0.0,0.0663897532939034,0.0,0.0,0.0,0.0
2022-08-17,0.0,0.0,0.0,2580748.0,0.0,20236.0,0.0,0.0663897532939034,0.0,0.0,0.0,0.0
2022-08-18,0.0,0.0,0.0,2580748.0,0.0,20236.0,0.0,0.0663897532939034,0.0,0.0,0.0,0.0
2022-08-19,0.0,0.0,0.0,2580748.0,0.0,20236.0,0.0,0.0663897532939034,0.0,0.0,0.0,0.0
2022-08-20,0.0,0.0,0.0,2580748.0,0.0,20236.0,0.0,0.0663897532939034,0.0,0.0,0.0,0.0
2022-08-21,0.0,0.0,0.0,2580748.0,0.0,20236.0,0.0,0.0663897532939034,0.0,0.0,0.0,0.0
2022-08-22,0.0,0.0,0.0,2580748.0,0.0,20236.0,0.0,0.0663897532939034,0.0,0.0,0.0,0.0
2022-08-23,0.0,0.0,0.0,2580748.0,0.0,20236.0,0.0,0.0663897532939034,0.0,0.0,0.0,0.0
2022-08-24,0.0,0.0,0.0,2580748.0,0.0,20236.0,0.0,0.0663897532939034,0.0,0.0,0.0,0.0
2022-08-25,0.0,0.0,0.0,2580748.0,0.0,20236.0,0.0,0.0663897532939034,0.0,0.0,0.0,0.0
2022-08-26,0.0,0.0,0.0,2580748.0,0.0,20236.0,0.0,0.0663897532939034,0.0,0.0,0.0,0.0
2022-08-27,0.0,0.0,0.0,2580748.0,0.0,20236.0,0.0,0.0663897532939034,0.0,0.0,0.0,0.0
2022-08-28,0.0,0.0,0.0,2580748.0,0.0,20236.0,0.0,0.0663897532939034,0.0,0.0,0.0,0.0
2022-08-29,0.0,0.0,0.0,2580748.0,0.0,20236.0,0.0,0.0663897532939034,0.0,0.0,0.0,0.0
2022-08-30,0.0,0.0,0.0,2580748.0,0.0,20236.0,0.0,0.0663897532939034,0.0,0.0,0.0,0.0
2022-08-31,0.0,0.0,0.0,2580748.0,0.0,20236.0,0.0,0.0663897532939034,0.0,0.0,0.0,0.0
2022-09-01,0.0,0.0,0.0,2580748.0,0.0,20236.0,0.0,0.0663897532939034,0.0,0.0,0.0,0.0
2022-09-02,0.0,0.0,0.0,2580748.0,0.0,20236.0,0.0,0.0663897532939034,0.0,0.0,0.0,0.0
2022-09-03,0.0,0.0,0.0,2580748.0,0.0,20236.0,0.0,0.0663897532939034,0.0,0.0,0.0,0.0
2022-09-04,0.0,0.0,0.0,2580748.0,0.0,20236.0,0.0,0.0663897532939034,0.0,0.0,0.0,0.0
2022-09-05,0.0,0.0,0.0,2580748.0,0.0,20236.0,0.0,0.0663897532939034,0.0,0.0,0.0,0.0
2022-09-06,0.0,0.0,0.0,2580748.0,0.0,20236.0,0.0,0.0663897532939034,0.0,0.0,0.0,0.0
2022-09-07,0.0,0.0,0.0,2580748.0,0.0,20236.0,0.0,0.0663897532939034,0.0,0.0,0.0,0.0
2022-09-08,0.0,0.0,0.0,2580748.0,0.0,20236.0,0.0,0.0663897532939034,0.0,0.0,0.0,0.0
2022-09-09,0.0,0.0,0.0,2580748.0,0.0,20236.0,0.0,0.0663897532939034,0.0,0.0,0.0,0.0
2022-09-10,0.0,0.0,0.0,2580748.0,0.0,20236.0,0.0,0.0663897532939034,0.0,0.0,0.0,0.0
2022-09-11,0.0,0.0,0.0,2580748.0,0.0,20236.0,0.0,0.0663897532939034,0.0,0.0,0.0,0.0
